32,32
54
10,4
11,4
11,5
11,6
11,7
-1
52
1,5
2,5
3,5
4,6
5,6
6,6
7,7
8,7
8,8
-1
93
1,3
-1
67
10,3
11,2
11,3
12,3
12,4
12,5
12,6
12,7
13,4
-1
91
7,4
8,4
8,5
8,6
9,5
9,6
9,7
10,6
-1
78
3,6
4,5
-1
82
5,7
6,7
7,8
8,9
9,9
10,10
11,10
-1
92
18,22
-1
94
20,24
-1
117
0,2
-1
117
2,3
2,4
3,4
4,2
4,3
4,4
5,2
5,3
5,4
5,5
6,2
6,3
6,4
7,2
7,3
7,5
8,2
8,3
9,3
9,4
10,2
10,5
11,1
12,0
12,1
12,2
13,1
13,3
-1
96
13,6
-1
126
1,7
2,6
2,8
2,9
3,7
3,8
3,9
4,7
4,8
4,9
4,10
5,8
5,9
5,10
6,8
6,9
6,10
7,9
7,10
-1
122
9,8
10,7
10,8
11,9
12,10
12,11
-1
127
19,13
20,14
-1
112
10,14
10,15
11,13
11,14
11,15
11,16
12,14
12,15
12,16
12,17
13,15
13,16
13,17
13,18
14,16
14,17
14,18
14,19
15,17
15,18
15,19
15,20
16,18
16,19
16,20
16,21
17,19
17,20
17,21
17,22
18,20
18,21
19,21
19,22
19,23
19,24
20,22
20,23
21,23
21,24
21,25
22,25
22,26
23,25
23,26
23,27
24,26
24,27
25,27
25,28
26,28
26,29
27,29
28,29
28,30
29,30
30,31
31,30
31,31
-1
126
24,19
-1
123
30,28
-1
153
11,0
-1
146
0,1
1,1
1,2
2,1
2,2
3,1
3,2
3,3
4,1
-1
142
7,1
-1
154
13,2
14,3
-1
131
6,5
-1
141
0,7
1,8
2,7
-1
150
12,9
-1
150
3,10
-1
159
10,13
11,12
12,12
12,13
13,11
13,12
13,13
13,14
14,11
14,14
14,15
15,11
15,15
15,16
16,11
16,12
16,16
16,17
17,11
17,12
17,13
17,17
17,18
18,11
18,12
18,13
18,14
18,17
18,18
18,19
19,14
19,15
19,16
19,19
19,20
20,15
20,16
20,17
20,21
21,15
21,16
21,17
21,18
21,22
22,17
22,18
22,19
22,20
22,23
22,24
23,18
23,19
23,20
23,21
23,23
23,24
24,20
24,21
24,22
24,25
25,20
25,21
25,22
25,23
25,26
26,22
26,23
26,24
26,25
26,27
27,23
27,24
27,25
27,26
27,28
28,25
28,26
28,27
28,28
29,26
29,27
29,28
29,29
30,29
30,30
-1
152
10,16
11,17
-1
129
18,23
-1
136
20,25
21,26
-1
133
24,28
-1
164
5,1
-1
170
9,2
-1
171
11,8
12,8
-1
166
9,10
-1
161
14,12
14,13
15,12
15,13
15,14
16,13
16,14
16,15
17,14
17,15
17,16
18,15
18,16
19,17
19,18
20,18
20,19
20,20
21,19
21,20
21,21
22,21
22,22
23,22
24,23
24,24
25,24
25,25
26,26
27,27
-1
172
19,12
-1
171
22,16
-1
183
12,18
-1
167
27,30
-1
192
6,1
-1
215
8,1
-1
217
14,10
15,10
-1
218
20,13
-1
215
23,17
-1
201
13,19
-1
192
28,24
-1
194
29,31
-1
228
1,4
-1
232
1,6
-1
235
16,10
-1
241
30,27
-1
