32,32
61
12,0
12,1
13,2
-1
30
17,0
18,0
-1
15
19,0
-1
46
20,0
-1
58
10,1
11,0
-1
56
13,1
14,0
14,1
15,0
-1
47
15,1
16,1
-1
57
19,1
-1
8
20,1
-1
59
21,1
-1
49
22,1
22,2
22,3
23,4
-1
60
30,1
-1
60
21,2
-1
50
23,2
23,3
24,2
24,4
25,2
25,3
25,5
26,1
26,2
26,3
26,4
26,5
27,0
27,1
27,2
27,3
27,4
28,0
28,1
28,2
28,3
29,0
29,1
29,2
29,3
29,4
30,0
31,0
31,1
31,2
-1
19
18,4
-1
38
19,4
-1
50
31,4
-1
47
27,5
27,6
27,7
27,8
28,4
28,5
28,6
28,8
28,9
29,5
29,6
29,7
29,8
29,9
30,2
30,3
30,4
30,6
30,7
30,8
30,9
31,3
31,5
31,6
31,7
31,8
-1
38
30,5
-1
62
26,6
-1
38
28,7
-1
38
0,8
-1
48
6,12
-1
60
10,12
-1
45
25,12
-1
42
28,12
-1
56
6,13
-1
34
25,13
-1
39
27,13
27,14
27,15
27,16
28,10
28,11
28,13
28,14
28,15
28,16
29,10
29,11
29,12
29,13
29,14
29,15
29,16
29,17
30,10
30,11
30,12
30,13
30,14
30,15
30,16
30,17
31,9
31,10
31,11
31,12
31,13
31,14
31,16
31,17
-1
38
6,14
-1
39
11,14
12,14
-1
26
25,14
26,14
-1
55
12,15
-1
58
25,15
-1
29
31,15
-1
48
25,16
25,18
26,15
26,16
26,17
27,17
27,18
28,17
28,18
29,18
30,18
31,18
-1
51
25,17
26,18
-1
3
0,18
1,18
-1
10
2,18
-1
54
31,19
-1
8
0,21
-1
41
1,21
2,22
-1
26
2,21
-1
12
0,22
1,22
-1
8
0,23
-1
55
1,23
-1
5
2,23
2,24
2,25
-1
22
3,23
-1
56
4,23
4,24
-1
27
7,23
-1
30
20,23
-1
35
0,24
1,24
-1
42
3,24
3,25
-1
41
5,24
5,25
6,23
6,24
-1
36
7,24
7,25
8,24
-1
19
26,24
-1
61
28,24
-1
47
31,24
-1
28
0,25
-1
19
1,25
-1
24
8,25
9,25
9,26
-1
2
23,25
-1
38
24,25
-1
3
25,25
26,25
-1
35
27,25
-1
11
28,25
-1
1
29,25
-1
26
30,25
-1
34
31,25
-1
10
22,26
-1
59
23,26
24,26
-1
23
25,26
-1
54
26,26
26,27
27,27
28,27
28,28
29,27
29,28
29,29
30,28
30,29
31,27
31,28
31,29
-1
49
27,26
28,26
29,26
30,26
30,27
31,26
-1
9
9,27
9,28
9,29
10,29
10,30
10,31
11,31
-1
8
23,27
-1
36
24,27
-1
47
25,27
-1
27
3,28
-1
8
6,28
7,28
-1
48
27,28
-1
21
0,29
1,29
-1
7
2,29
3,29
-1
19
27,29
28,29
28,30
28,31
-1
18
0,30
1,30
1,31
2,30
3,30
3,31
4,28
4,29
5,28
5,29
5,30
5,31
6,29
6,30
6,31
7,27
7,29
7,30
7,31
8,27
8,28
8,29
8,30
8,31
9,30
9,31
-1
20
4,30
4,31
-1
20
23,30
24,28
24,29
24,30
24,31
25,28
25,29
26,28
26,29
26,30
26,31
27,30
27,31
-1
30
25,30
25,31
-1
29
29,30
29,31
30,30
30,31
31,31
-1
33
31,30
-1
21
0,31
-1
22
2,31
-1
19
23,31
-1
117
3,0
4,0
4,2
5,0
5,1
5,2
6,0
6,1
6,2
6,3
6,4
6,5
-1
103
7,0
7,1
7,2
7,3
8,0
8,1
9,0
9,1
10,0
-1
80
13,0
-1
65
16,0
-1
64
21,0
22,0
23,0
23,1
24,0
24,1
25,0
25,1
26,0
-1
70
17,1
17,2
18,1
-1
97
8,2
-1
68
9,2
-1
79
10,2
11,1
11,2
12,2
-1
75
14,2
-1
97
15,2
-1
81
16,2
-1
83
18,2
-1
64
19,2
-1
114
8,3
8,6
9,4
9,6
10,5
-1
104
9,3
-1
90
10,3
11,3
12,3
-1
123
14,3
-1
112
15,3
-1
101
16,3
16,4
16,5
17,3
-1
111
18,3
-1
95
19,3
20,2
-1
100
20,3
-1
89
21,3
21,4
-1
66
24,3
25,4
-1
121
7,4
7,5
-1
103
12,4
13,3
-1
118
20,4
21,5
-1
95
9,5
-1
64
11,5
12,5
-1
79
13,5
-1
88
17,5
-1
114
18,5
-1
94
22,5
-1
115
23,5
23,6
-1
93
24,5
-1
97
7,6
-1
105
25,6
-1
81
7,7
-1
95
26,7
-1
100
6,8
-1
122
7,8
7,9
7,10
-1
108
25,8
-1
125
26,8
-1
71
1,9
2,10
-1
97
5,9
-1
110
25,9
-1
92
27,9
-1
88
5,10
6,9
-1
109
25,10
25,11
26,11
-1
120
27,10
-1
106
4,11
5,12
-1
68
5,11
6,10
6,11
-1
113
21,11
-1
96
22,11
23,11
-1
97
9,12
-1
91
11,12
-1
118
12,12
-1
110
24,12
-1
63
27,12
-1
117
5,13
-1
82
26,13
-1
92
10,14
-1
95
13,14
-1
103
14,14
-1
96
18,14
-1
89
19,14
-1
93
20,14
-1
120
21,14
22,15
23,15
-1
105
23,14
-1
69
9,15
-1
109
10,15
-1
72
11,15
-1
64
13,15
-1
85
14,15
-1
111
19,15
20,15
21,15
-1
121
2,17
3,13
3,15
3,16
3,17
4,12
4,13
4,14
4,15
5,14
-1
111
11,17
-1
115
3,18
3,19
4,16
4,17
4,18
4,19
5,15
5,16
5,17
5,19
6,15
-1
110
7,19
7,20
7,21
8,22
-1
66
25,19
26,19
27,19
28,19
29,19
29,20
30,19
30,20
31,20
-1
113
0,20
1,20
-1
73
2,20
-1
106
3,20
4,20
5,18
5,20
5,21
6,16
6,17
6,18
6,19
6,20
6,21
7,22
8,23
-1
73
25,20
25,21
25,22
26,20
26,21
26,22
27,20
27,21
27,22
28,20
28,21
28,22
28,23
29,21
29,22
29,23
29,24
30,21
30,22
30,24
31,21
-1
87
3,21
4,22
-1
97
4,21
5,22
6,22
-1
123
8,21
-1
71
14,21
-1
107
18,21
-1
120
24,21
-1
75
3,22
-1
110
10,22
-1
121
11,22
-1
67
15,22
-1
86
24,22
24,23
25,23
26,23
27,23
27,24
-1
84
31,22
31,23
-1
68
5,23
-1
85
11,23
-1
92
12,23
-1
108
14,23
-1
91
15,23
16,22
-1
113
16,23
-1
69
30,23
-1
118
9,24
10,25
-1
92
23,24
-1
75
24,24
-1
65
25,24
-1
80
4,25
5,26
6,25
6,26
6,27
7,26
8,26
-1
106
0,26
0,27
0,28
1,26
1,27
1,28
2,27
-1
98
2,26
2,28
3,26
3,27
4,26
4,27
5,27
-1
106
10,26
10,27
11,27
-1
125
11,26
-1
124
15,26
-1
79
10,28
-1
99
11,28
12,29
13,30
13,31
-1
122
12,28
-1
124
20,28
21,28
-1
109
11,29
12,30
12,31
-1
89
13,29
14,30
14,31
15,31
16,31
-1
99
19,29
-1
80
11,30
-1
63
15,30
16,30
17,30
-1
115
18,30
-1
94
17,31
-1
136
0,0
0,1
0,2
0,3
1,1
1,2
-1
129
1,0
1,3
1,4
2,0
2,1
2,2
2,3
3,1
3,2
3,3
3,4
3,5
3,7
4,1
4,3
4,4
4,5
4,7
5,3
5,4
5,5
5,6
5,7
-1
142
0,4
-1
167
8,4
-1
137
10,4
11,4
-1
163
13,4
-1
144
14,4
-1
131
17,4
-1
132
22,4
-1
138
0,5
1,5
2,4
2,5
2,6
3,6
4,6
-1
132
8,5
-1
134
14,5
15,4
-1
160
15,5
-1
148
19,5
-1
135
20,5
-1
144
0,6
1,6
1,7
1,8
2,7
2,8
2,9
3,9
3,10
4,10
-1
126
10,6
11,6
12,6
-1
159
13,6
14,7
15,6
-1
127
24,6
24,7
-1
154
0,7
-1
130
8,7
-1
142
9,7
-1
184
11,7
-1
171
13,7
13,8
14,6
-1
187
15,7
-1
145
25,7
-1
137
3,8
4,8
4,9
5,8
6,6
6,7
-1
159
8,8
-1
174
9,8
10,7
-1
163
10,8
10,9
-1
165
24,8
-1
161
0,9
0,10
0,11
1,10
1,11
-1
167
8,9
8,10
-1
180
26,9
-1
144
26,10
-1
155
2,11
3,11
-1
143
7,11
-1
170
8,11
-1
184
9,11
-1
159
11,11
-1
128
12,11
-1
142
20,11
-1
176
24,11
-1
155
27,11
-1
147
0,12
0,13
0,14
0,15
1,12
1,13
1,14
1,15
-1
151
7,12
8,12
-1
174
13,12
-1
185
20,12
-1
127
26,12
-1
147
7,13
7,14
7,15
7,16
7,17
-1
130
8,13
8,14
9,14
-1
168
9,13
-1
174
10,13
11,13
-1
143
12,13
13,13
-1
180
14,13
-1
176
18,13
-1
142
19,13
20,13
-1
178
21,13
-1
180
22,13
-1
174
24,13
-1
137
15,14
15,15
-1
176
16,14
-1
142
17,14
18,15
-1
163
22,14
-1
157
24,14
-1
128
8,15
-1
162
17,15
-1
135
0,16
0,17
1,16
1,17
2,12
2,13
2,14
2,15
2,16
3,12
3,14
-1
179
8,16
-1
181
9,16
10,16
-1
147
11,16
-1
183
12,16
-1
141
13,16
-1
160
14,16
-1
137
19,16
-1
149
20,16
-1
169
21,16
-1
139
10,17
-1
135
7,18
-1
182
8,18
8,19
-1
146
0,19
-1
133
1,19
2,19
-1
169
14,19
-1
159
8,20
-1
176
9,20
10,20
-1
184
12,20
13,19
14,18
-1
159
13,20
-1
154
24,20
-1
130
9,21
9,22
9,23
10,21
-1
149
11,21
12,22
-1
166
12,21
13,21
-1
171
15,21
-1
150
17,21
-1
161
21,21
22,22
-1
143
23,21
23,22
23,23
-1
130
13,22
14,22
-1
126
17,22
-1
177
18,22
-1
182
19,22
20,21
-1
153
20,22
21,22
22,21
-1
176
10,23
-1
126
13,23
-1
148
17,23
-1
167
18,23
-1
146
19,23
-1
140
21,23
-1
180
22,23
-1
150
10,24
-1
167
11,24
-1
175
13,24
14,24
15,24
-1
172
21,24
-1
128
22,24
-1
149
11,25
12,24
-1
150
12,25
13,26
-1
130
13,25
-1
149
14,25
14,26
15,25
16,26
-1
156
16,25
-1
174
17,25
17,26
18,25
18,26
19,25
20,26
-1
152
21,25
-1
164
12,26
13,27
13,28
-1
134
21,26
21,27
22,25
-1
147
12,27
-1
175
14,27
15,28
16,28
-1
169
20,27
-1
153
22,27
23,28
-1
137
14,28
-1
171
19,28
-1
128
14,29
15,29
-1
146
16,29
17,29
-1
155
18,29
-1
165
21,29
-1
127
23,29
-1
141
19,30
20,29
-1
184
21,30
-1
136
18,31
-1
155
19,31
20,30
20,31
-1
165
22,31
-1
191
16,6
-1
223
17,6
18,6
19,6
-1
224
22,6
22,7
-1
234
17,7
18,7
-1
200
19,7
20,7
-1
199
23,7
-1
224
11,8
12,7
-1
194
14,8
-1
216
15,8
16,7
16,9
16,10
17,9
-1
227
16,8
-1
243
17,8
-1
252
18,8
19,8
-1
239
22,8
22,9
22,10
23,9
-1
204
23,8
24,9
-1
188
9,9
-1
211
11,9
12,8
12,9
13,9
-1
223
14,9
14,12
15,10
15,11
16,11
17,10
17,11
17,12
18,10
18,12
-1
201
15,9
-1
201
18,9
-1
248
19,9
20,6
20,8
20,9
20,10
21,6
21,7
21,8
21,9
21,10
-1
195
9,10
10,11
-1
222
10,10
-1
238
11,10
-1
249
12,10
13,10
-1
239
14,10
14,11
-1
250
19,10
-1
213
23,10
-1
198
24,10
-1
206
13,11
-1
241
18,11
-1
237
19,11
-1
209
15,12
-1
213
16,12
-1
215
19,12
-1
215
21,12
-1
232
22,12
-1
198
23,12
-1
195
15,13
16,13
-1
189
17,13
-1
213
23,13
-1
234
16,15
-1
190
24,15
-1
250
16,16
-1
209
18,16
-1
205
23,16
24,17
-1
195
8,17
-1
213
9,17
-1
198
12,17
13,18
14,17
15,16
15,18
-1
211
13,17
-1
203
15,17
-1
248
16,17
-1
232
19,17
20,18
21,18
-1
201
20,17
-1
196
21,17
22,16
-1
220
22,17
22,18
22,19
-1
209
9,18
-1
221
10,18
11,18
11,19
12,18
-1
229
16,18
17,16
17,17
-1
216
17,18
18,17
18,18
19,19
19,20
-1
225
19,18
20,19
-1
198
9,19
-1
212
10,19
-1
217
12,19
-1
205
15,19
15,20
-1
234
16,19
-1
206
17,19
-1
217
21,19
22,20
23,17
23,18
23,19
24,16
24,18
-1
193
24,19
-1
203
11,20
-1
192
14,20
-1
242
16,20
-1
220
18,20
-1
191
20,20
-1
207
21,20
-1
189
23,20
-1
193
16,21
17,20
18,19
-1
204
19,21
-1
197
16,24
-1
208
17,24
-1
193
18,24
19,24
-1
202
20,24
-1
212
20,25
-1
192
19,26
-1
191
15,27
-1
208
16,27
17,27
-1
188
17,28
18,27
18,28
19,27
-1
204
22,28
-1
196
22,29
-1
203
21,31
22,30
-1
