32,32
0
10,3
-1
0
7,4
-1
0
23,4
-1
0
7,6
-1
0
12,9
-1
0
22,16
23,17
-1
0
8,17
9,16
-1
0
7,19
-1
0
24,19
-1
0
24,24
-1
0
9,25
-1
0
15,27
16,27
17,28
17,29
-1
0
20,28
-1
0
14,29
-1
9
19,2
19,3
20,2
20,3
21,1
21,2
21,3
21,4
22,2
22,3
22,4
22,5
23,3
-1
55
7,5
8,3
8,4
8,5
8,6
9,3
9,4
9,5
10,4
-1
58
17,6
17,7
17,8
18,6
18,7
18,8
19,6
19,7
19,9
19,11
20,7
20,8
20,9
20,10
20,11
21,9
21,10
21,11
-1
60
11,8
11,9
11,10
11,11
11,12
12,7
12,8
12,11
12,12
13,7
13,8
13,10
13,11
14,7
14,8
14,10
-1
45
15,11
16,11
-1
6
6,22
6,23
7,20
7,21
7,22
7,23
7,24
8,18
8,19
8,20
8,21
8,23
9,17
9,18
10,16
10,17
11,16
11,17
12,16
12,17
13,16
14,16
15,16
16,16
17,16
18,16
19,16
20,15
20,16
20,17
21,15
21,16
21,17
22,17
22,18
23,18
23,19
23,20
23,21
23,22
23,23
23,24
24,20
24,21
24,22
24,23
25,22
25,23
-1
4
22,25
-1
52
10,26
11,26
11,27
11,29
12,27
12,28
12,29
13,27
13,28
13,29
14,27
14,28
-1
54
17,27
18,27
18,28
18,29
19,27
19,28
19,29
20,26
20,27
20,29
21,26
-1
69
13,6
-1
107
8,7
-1
63
19,8
-1
63
14,9
-1
64
16,13
-1
63
19,17
-1
65
8,22
-1
64
8,24
-1
175
14,2
15,2
-1
129
7,3
-1
172
12,3
-1
167
18,3
-1
169
11,4
-1
170
20,4
-1
159
10,5
-1
168
21,5
-1
183
9,6
-1
182
14,6
-1
163
22,6
-1
176
8,8
8,9
-1
167
23,8
-1
178
24,10
24,11
-1
184
7,11
7,12
-1
162
17,12
-1
166
15,13
-1
165
23,13
-1
164
8,14
-1
176
22,14
-1
171
10,15
-1
159
19,15
-1
255
12,10
13,9
-1
