32,32
15
18,2
19,1
19,2
-1
15
12,2
13,2
-1
15
11,3
-1
15
20,3
-1
15
10,4
-1
15
21,4
-1
15
9,5
9,6
-1
15
22,5
22,6
-1
15
8,8
-1
15
23,8
-1
15
8,14
8,15
-1
15
11,14
-1
15
20,14
-1
15
23,14
23,15
-1
15
9,16
10,16
10,17
-1
15
21,16
21,17
22,16
-1
15
9,18
-1
15
22,18
-1
15
8,20
-1
15
23,20
-1
15
6,21
6,22
-1
15
10,21
-1
15
21,21
-1
15
24,21
24,22
-1
15
20,24
21,23
21,24
22,23
23,23
-1
15
8,23
9,23
10,23
10,24
11,24
-1
15
9,26
9,27
-1
15
12,26
13,26
14,26
14,27
15,26
16,26
17,26
17,27
18,26
19,26
-1
15
22,26
22,27
-1
15
10,28
11,28
12,28
-1
15
18,28
19,28
20,28
21,28
-1
31
20,20
-1
31
10,22
-1
31
12,25
13,25
-1
31
18,25
19,25
-1
47
12,1
13,1
-1
47
18,1
-1
47
6,11
-1
47
8,13
-1
47
23,13
-1
47
11,20
-1
47
21,22
-1
47
11,25
-1
47
14,25
15,25
16,25
17,25
-1
47
20,25
-1
63
14,2
15,2
16,2
17,2
-1
63
12,3
13,3
-1
63
18,3
19,3
-1
63
11,4
-1
63
20,4
-1
63
10,5
-1
63
21,5
-1
63
8,9
9,7
9,8
9,9
-1
63
19,9
-1
63
22,7
22,8
22,9
23,9
-1
63
5,10
-1
63
26,10
-1
63
9,11
-1
63
16,11
-1
63
24,11
-1
63
8,12
-1
63
10,12
-1
63
15,12
-1
63
21,12
-1
63
23,12
-1
63
11,13
-1
63
14,14
14,15
-1
63
18,14
-1
63
10,15
-1
63
17,15
-1
63
21,15
-1
63
11,18
11,19
11,21
12,18
12,19
12,20
12,21
12,22
13,20
13,21
13,22
14,20
14,21
14,22
14,23
15,20
15,21
16,20
16,21
17,20
17,21
17,22
17,23
18,18
18,19
18,20
18,21
18,22
19,18
19,19
19,20
19,21
19,22
20,18
20,19
20,21
-1
63
12,24
13,24
-1
63
18,24
19,24
-1
63
10,25
-1
63
21,25
-1
63
11,26
-1
63
20,26
-1
63
12,27
13,27
13,28
-1
63
18,27
19,27
-1
80
14,1
15,1
16,1
17,1
-1
80
10,6
10,7
10,8
11,5
11,6
12,4
12,5
13,4
13,5
14,3
14,4
14,5
15,3
15,4
15,5
16,3
16,4
16,5
17,3
17,4
17,5
18,4
18,5
19,4
19,5
20,5
20,6
21,6
21,7
21,8
-1
80
5,9
-1
80
18,9
-1
80
26,9
-1
80
9,10
-1
80
11,10
-1
80
17,10
-1
80
20,10
20,11
-1
80
22,10
22,11
-1
80
10,11
-1
80
14,12
14,13
-1
80
10,13
10,14
-1
80
21,13
21,14
-1
80
12,14
13,14
-1
80
19,14
-1
80
11,17
-1
80
20,17
-1
80
13,18
13,19
-1
80
9,19
-1
80
18,23
19,23
20,22
20,23
-1
80
11,22
11,23
12,23
13,23
-1
80
14,24
15,24
16,24
17,24
-1
80
20,27
21,26
21,27
-1
80
10,26
10,27
11,27
-1
95
8,7
-1
95
23,7
-1
95
12,9
-1
95
17,9
-1
95
15,11
-1
95
21,11
-1
95
11,11
11,12
12,12
12,13
13,12
13,13
-1
95
9,15
-1
95
19,15
19,16
-1
95
22,15
-1
95
22,19
-1
111
10,9
-1
111
13,9
-1
111
12,15
12,16
13,15
-1
111
18,15
18,16
-1
111
7,22
-1
111
9,25
-1
111
22,25
-1
127
7,11
-1
127
13,16
-1
127
7,21
-1
191
7,9
-1
191
11,7
11,8
11,9
12,6
12,7
12,8
12,10
12,11
13,6
13,7
13,8
13,10
13,11
14,6
14,7
14,8
14,9
14,10
14,11
15,6
15,7
15,8
15,9
15,10
16,6
16,7
16,8
16,9
16,10
17,6
17,7
17,8
18,6
18,7
18,8
19,6
19,7
19,8
20,7
20,8
20,9
21,9
21,10
-1
191
25,9
25,10
25,11
-1
191
10,10
-1
191
9,12
9,13
9,14
-1
191
22,12
22,13
22,14
-1
191
15,13
-1
191
18,13
19,13
20,13
-1
191
14,19
15,19
16,19
17,19
-1
191
25,21
25,22
-1
191
15,22
15,23
16,22
16,23
-1
255
11,15
11,16
-1
255
20,15
20,16
-1
255
12,17
13,17
14,16
14,17
14,18
15,14
15,15
15,16
15,17
15,18
16,12
16,13
16,14
16,15
16,16
16,17
16,18
17,11
17,12
17,13
17,14
17,16
17,17
17,18
18,10
18,11
18,12
18,17
19,10
19,11
19,12
19,17
20,12
-1
255
8,21
8,22
9,20
9,21
9,22
10,18
10,19
10,20
-1
255
21,18
21,19
21,20
22,20
22,21
22,22
23,21
23,22
-1
