32,32
8
21,1
-1
8
10,3
-1
8
7,4
-1
8
23,4
-1
8
7,6
-1
8
12,9
-1
8
21,15
-1
8
9,16
-1
8
22,16
-1
8
8,17
-1
8
23,17
-1
8
7,19
-1
8
24,19
-1
8
6,22
-1
8
25,22
-1
8
7,24
-1
8
24,24
-1
8
9,25
-1
8
22,25
-1
8
15,27
16,27
-1
8
17,28
17,29
-1
8
20,28
20,29
-1
8
11,29
-1
8
14,29
-1
73
19,2
19,3
20,2
20,3
21,2
21,3
21,4
22,2
22,3
22,4
22,5
23,3
-1
73
7,5
8,3
8,4
8,5
8,6
9,3
9,4
9,5
10,4
-1
73
17,6
17,7
17,8
18,6
18,7
18,8
19,6
19,7
19,8
19,9
19,11
20,7
20,8
20,9
20,10
20,11
21,9
21,10
21,11
-1
73
11,8
11,9
11,10
11,11
11,12
12,7
12,8
12,11
12,12
13,6
13,7
13,8
13,10
13,11
14,7
14,8
14,9
14,10
-1
73
15,11
16,11
-1
73
16,13
-1
73
6,23
7,20
7,21
7,22
7,23
8,18
8,19
8,20
8,21
8,22
8,23
8,24
9,17
9,18
10,16
10,17
11,16
11,17
12,16
12,17
13,16
14,16
15,16
16,16
17,16
18,16
19,16
19,17
20,15
20,16
20,17
21,16
21,17
22,17
22,18
23,18
23,19
23,20
23,21
23,22
23,23
23,24
24,20
24,21
24,22
24,23
25,23
-1
73
17,27
18,27
18,28
18,29
19,27
19,28
19,29
20,26
20,27
21,26
-1
73
10,26
11,26
11,27
12,27
12,28
12,29
13,27
13,28
13,29
14,27
14,28
-1
239
14,2
15,2
-1
239
7,3
-1
239
12,3
-1
239
18,3
-1
239
11,4
-1
239
20,4
-1
239
10,5
-1
239
21,5
-1
239
9,6
-1
239
14,6
-1
239
22,6
-1
239
8,7
8,8
8,9
-1
239
21,8
-1
239
23,8
-1
239
24,10
24,11
-1
239
7,11
7,12
-1
239
17,12
-1
239
15,13
-1
239
18,13
18,14
-1
239
23,13
-1
239
8,14
-1
239
22,14
-1
239
10,15
-1
239
19,15
-1
239
9,19
-1
239
12,26
-1
239
19,26
-1
239
10,30
11,30
12,30
13,30
14,30
15,29
15,30
16,29
16,30
17,30
18,30
19,30
20,30
21,30
-1
255
13,9
-1
255
12,10
-1
255
9,20
9,21
9,22
9,23
9,24
10,18
10,19
10,20
10,21
10,22
10,23
10,24
10,25
11,18
11,19
11,20
11,21
11,22
11,23
11,24
11,25
12,18
12,19
12,20
12,21
12,22
12,23
12,24
12,25
13,17
13,18
13,19
13,20
13,21
13,22
13,23
13,24
13,25
13,26
14,17
14,18
14,19
14,20
14,21
14,22
14,23
14,24
14,25
14,26
15,17
15,18
15,19
15,20
15,21
15,22
15,23
15,24
15,25
15,26
16,17
16,18
16,19
16,20
16,21
16,22
16,23
16,24
16,25
16,26
17,17
17,18
17,19
17,20
17,21
17,22
17,23
17,24
17,25
17,26
18,17
18,18
18,19
18,20
18,21
18,22
18,23
18,24
18,25
18,26
19,18
19,19
19,20
19,21
19,22
19,23
19,24
19,25
20,18
20,19
20,20
20,21
20,22
20,23
20,24
20,25
21,18
21,19
21,20
21,21
21,22
21,23
21,24
21,25
22,19
22,20
22,21
22,22
22,23
22,24
-1
255
15,28
16,28
-1
