Island: 0
size: 5
value: 54
[(10, 4), (11, 4), (11, 5), (11, 6), (11, 7)]


Island: 1
size: 9
value: 52
[(1, 5), (2, 5), (3, 5), (4, 6), (5, 6), (6, 6), (7, 7), (8, 7), (8, 8)]


Island: 2
size: 1
value: 93
[(1, 3)]


Island: 3
size: 9
value: 67
[(10, 3), (11, 2), (11, 3), (12, 3), (12, 4), (12, 5), (12, 6), (12, 7), (13, 4)]


Island: 4
size: 8
value: 91
[(7, 4), (8, 4), (8, 5), (8, 6), (9, 5), (9, 6), (9, 7), (10, 6)]


Island: 5
size: 2
value: 78
[(3, 6), (4, 5)]


Island: 6
size: 7
value: 82
[(5, 7), (6, 7), (7, 8), (8, 9), (9, 9), (10, 10), (11, 10)]


Island: 7
size: 1
value: 92
[(18, 22)]


Island: 8
size: 1
value: 94
[(20, 24)]


Island: 9
size: 1
value: 117
[(0, 2)]


Island: 10
size: 28
value: 117
[(2, 3), (2, 4), (3, 4), (4, 2), (4, 3), (4, 4), (5, 2), (5, 3), (5, 4), (5, 5), (6, 2), (6, 3), (6, 4), (7, 2), (7, 3), (7, 5), (8, 2), (8, 3), (9, 3), (9, 4), (10, 2), (10, 5), (11, 1), (12, 0), (12, 1), (12, 2), (13, 1), (13, 3)]


Island: 11
size: 1
value: 96
[(13, 6)]


Island: 12
size: 19
value: 126
[(1, 7), (2, 6), (2, 8), (2, 9), (3, 7), (3, 8), (3, 9), (4, 7), (4, 8), (4, 9), (4, 10), (5, 8), (5, 9), (5, 10), (6, 8), (6, 9), (6, 10), (7, 9), (7, 10)]


Island: 13
size: 6
value: 122
[(9, 8), (10, 7), (10, 8), (11, 9), (12, 10), (12, 11)]


Island: 14
size: 2
value: 127
[(19, 13), (20, 14)]


Island: 15
size: 59
value: 112
[(10, 14), (10, 15), (11, 13), (11, 14), (11, 15), (11, 16), (12, 14), (12, 15), (12, 16), (12, 17), (13, 15), (13, 16), (13, 17), (13, 18), (14, 16), (14, 17), (14, 18), (14, 19), (15, 17), (15, 18), (15, 19), (15, 20), (16, 18), (16, 19), (16, 20), (16, 21), (17, 19), (17, 20), (17, 21), (17, 22), (18, 20), (18, 21), (19, 21), (19, 22), (19, 23), (19, 24), (20, 22), (20, 23), (21, 23), (21, 24), (21, 25), (22, 25), (22, 26), (23, 25), (23, 26), (23, 27), (24, 26), (24, 27), (25, 27), (25, 28), (26, 28), (26, 29), (27, 29), (28, 29), (28, 30), (29, 30), (30, 31), (31, 30), (31, 31)]


Island: 16
size: 1
value: 126
[(24, 19)]


Island: 17
size: 1
value: 123
[(30, 28)]


Island: 18
size: 1
value: 153
[(11, 0)]


Island: 19
size: 9
value: 146
[(0, 1), (1, 1), (1, 2), (2, 1), (2, 2), (3, 1), (3, 2), (3, 3), (4, 1)]


Island: 20
size: 1
value: 142
[(7, 1)]


Island: 21
size: 2
value: 154
[(13, 2), (14, 3)]


Island: 22
size: 1
value: 131
[(6, 5)]


Island: 23
size: 3
value: 141
[(0, 7), (1, 8), (2, 7)]


Island: 24
size: 1
value: 150
[(12, 9)]


Island: 25
size: 1
value: 150
[(3, 10)]


Island: 26
size: 85
value: 159
[(10, 13), (11, 12), (12, 12), (12, 13), (13, 11), (13, 12), (13, 13), (13, 14), (14, 11), (14, 14), (14, 15), (15, 11), (15, 15), (15, 16), (16, 11), (16, 12), (16, 16), (16, 17), (17, 11), (17, 12), (17, 13), (17, 17), (17, 18), (18, 11), (18, 12), (18, 13), (18, 14), (18, 17), (18, 18), (18, 19), (19, 14), (19, 15), (19, 16), (19, 19), (19, 20), (20, 15), (20, 16), (20, 17), (20, 21), (21, 15), (21, 16), (21, 17), (21, 18), (21, 22), (22, 17), (22, 18), (22, 19), (22, 20), (22, 23), (22, 24), (23, 18), (23, 19), (23, 20), (23, 21), (23, 23), (23, 24), (24, 20), (24, 21), (24, 22), (24, 25), (25, 20), (25, 21), (25, 22), (25, 23), (25, 26), (26, 22), (26, 23), (26, 24), (26, 25), (26, 27), (27, 23), (27, 24), (27, 25), (27, 26), (27, 28), (28, 25), (28, 26), (28, 27), (28, 28), (29, 26), (29, 27), (29, 28), (29, 29), (30, 29), (30, 30)]


Island: 27
size: 2
value: 152
[(10, 16), (11, 17)]


Island: 28
size: 1
value: 129
[(18, 23)]


Island: 29
size: 2
value: 136
[(20, 25), (21, 26)]


Island: 30
size: 1
value: 133
[(24, 28)]


Island: 31
size: 1
value: 164
[(5, 1)]


Island: 32
size: 1
value: 170
[(9, 2)]


Island: 33
size: 2
value: 171
[(11, 8), (12, 8)]


Island: 34
size: 1
value: 166
[(9, 10)]


Island: 35
size: 30
value: 161
[(14, 12), (14, 13), (15, 12), (15, 13), (15, 14), (16, 13), (16, 14), (16, 15), (17, 14), (17, 15), (17, 16), (18, 15), (18, 16), (19, 17), (19, 18), (20, 18), (20, 19), (20, 20), (21, 19), (21, 20), (21, 21), (22, 21), (22, 22), (23, 22), (24, 23), (24, 24), (25, 24), (25, 25), (26, 26), (27, 27)]


Island: 36
size: 1
value: 172
[(19, 12)]


Island: 37
size: 1
value: 171
[(22, 16)]


Island: 38
size: 1
value: 183
[(12, 18)]


Island: 39
size: 1
value: 167
[(27, 30)]


Island: 40
size: 1
value: 192
[(6, 1)]


Island: 41
size: 1
value: 215
[(8, 1)]


Island: 42
size: 2
value: 217
[(14, 10), (15, 10)]


Island: 43
size: 1
value: 218
[(20, 13)]


Island: 44
size: 1
value: 215
[(23, 17)]


Island: 45
size: 1
value: 201
[(13, 19)]


Island: 46
size: 1
value: 192
[(28, 24)]


Island: 47
size: 1
value: 194
[(29, 31)]


Island: 48
size: 1
value: 228
[(1, 4)]


Island: 49
size: 1
value: 232
[(1, 6)]


Island: 50
size: 1
value: 235
[(16, 10)]


Island: 51
size: 1
value: 241
[(30, 27)]


