Island: 0
size: 5
value: 95
[(13, 0, 95), (14, 0, 95), (15, 0, 95), (16, 0, 95), (17, 0, 95)]


Island: 1
size: 3
value: 95
[(21, 0, 95), (22, 0, 95), (23, 0, 95)]


Island: 2
size: 19
value: 95
[(0, 1, 95), (1, 1, 95), (2, 1, 95), (3, 1, 95), (4, 1, 95), (5, 1, 95), (6, 1, 95), (7, 1, 95), (8, 1, 95), (9, 1, 95), (10, 1, 95), (11, 1, 95), (12, 1, 95), (13, 1, 95), (14, 1, 95), (15, 1, 95), (16, 1, 95), (17, 1, 95), (18, 1, 95)]


Island: 3
size: 1
value: 111
[(19, 1, 111)]


Island: 4
size: 12
value: 95
[(20, 1, 95), (21, 1, 95), (22, 1, 95), (23, 1, 95), (24, 1, 95), (25, 1, 95), (26, 1, 95), (27, 1, 95), (28, 1, 95), (29, 1, 95), (30, 1, 95), (31, 1, 95)]


Island: 5
size: 32
value: 95
[(0, 2, 95), (1, 2, 95), (2, 2, 95), (3, 2, 95), (4, 2, 95), (5, 2, 95), (6, 2, 95), (7, 2, 95), (8, 2, 95), (9, 2, 95), (10, 2, 95), (11, 2, 95), (12, 2, 95), (13, 2, 95), (14, 2, 95), (15, 2, 95), (16, 2, 95), (17, 2, 95), (18, 2, 95), (19, 2, 95), (20, 2, 95), (21, 2, 95), (22, 2, 95), (23, 2, 95), (24, 2, 95), (25, 2, 95), (26, 2, 95), (27, 2, 95), (28, 2, 95), (29, 2, 95), (30, 2, 95), (31, 2, 95)]


Island: 6
size: 32
value: 95
[(0, 3, 95), (1, 3, 95), (2, 3, 95), (3, 3, 95), (4, 3, 95), (5, 3, 95), (6, 3, 95), (7, 3, 95), (8, 3, 95), (9, 3, 95), (10, 3, 95), (11, 3, 95), (12, 3, 95), (13, 3, 95), (14, 3, 95), (15, 3, 95), (16, 3, 95), (17, 3, 95), (18, 3, 95), (19, 3, 95), (20, 3, 95), (21, 3, 95), (22, 3, 95), (23, 3, 95), (24, 3, 95), (25, 3, 95), (26, 3, 95), (27, 3, 95), (28, 3, 95), (29, 3, 95), (30, 3, 95), (31, 3, 95)]


Island: 7
size: 32
value: 95
[(0, 4, 95), (1, 4, 95), (2, 4, 95), (3, 4, 95), (4, 4, 95), (5, 4, 95), (6, 4, 95), (7, 4, 95), (8, 4, 95), (9, 4, 95), (10, 4, 95), (11, 4, 95), (12, 4, 95), (13, 4, 95), (14, 4, 95), (15, 4, 95), (16, 4, 95), (17, 4, 95), (18, 4, 95), (19, 4, 95), (20, 4, 95), (21, 4, 95), (22, 4, 95), (23, 4, 95), (24, 4, 95), (25, 4, 95), (26, 4, 95), (27, 4, 95), (28, 4, 95), (29, 4, 95), (30, 4, 95), (31, 4, 95)]


Island: 8
size: 32
value: 95
[(0, 5, 95), (1, 5, 95), (2, 5, 95), (3, 5, 95), (4, 5, 95), (5, 5, 95), (6, 5, 95), (7, 5, 95), (8, 5, 95), (9, 5, 95), (10, 5, 95), (11, 5, 95), (12, 5, 95), (13, 5, 95), (14, 5, 95), (15, 5, 95), (16, 5, 95), (17, 5, 95), (18, 5, 95), (19, 5, 95), (20, 5, 95), (21, 5, 95), (22, 5, 95), (23, 5, 95), (24, 5, 95), (25, 5, 95), (26, 5, 95), (27, 5, 95), (28, 5, 95), (29, 5, 95), (30, 5, 95), (31, 5, 95)]


Island: 9
size: 4
value: 95
[(0, 6, 95), (1, 6, 95), (2, 6, 95), (3, 6, 95)]


Island: 10
size: 4
value: 255
[(4, 6, 255), (5, 6, 255), (6, 6, 255), (7, 6, 255)]


Island: 11
size: 13
value: 95
[(8, 6, 95), (9, 6, 95), (10, 6, 95), (11, 6, 95), (12, 6, 95), (13, 6, 95), (14, 6, 95), (15, 6, 95), (16, 6, 95), (17, 6, 95), (18, 6, 95), (19, 6, 95), (20, 6, 95)]


Island: 12
size: 1
value: 127
[(21, 6, 127)]


Island: 13
size: 3
value: 255
[(22, 6, 255), (23, 6, 255), (24, 6, 255)]


Island: 14
size: 7
value: 95
[(25, 6, 95), (26, 6, 95), (27, 6, 95), (28, 6, 95), (29, 6, 95), (30, 6, 95), (31, 6, 95)]


Island: 15
size: 5
value: 95
[(0, 7, 95), (1, 7, 95), (2, 7, 95), (3, 7, 95), (4, 7, 95)]


Island: 16
size: 4
value: 255
[(5, 7, 255), (6, 7, 255), (7, 7, 255), (8, 7, 255)]


Island: 17
size: 10
value: 95
[(9, 7, 95), (10, 7, 95), (11, 7, 95), (12, 7, 95), (13, 7, 95), (14, 7, 95), (15, 7, 95), (16, 7, 95), (17, 7, 95), (18, 7, 95)]


Island: 18
size: 1
value: 191
[(19, 7, 191)]


Island: 19
size: 6
value: 255
[(20, 7, 255), (21, 7, 255), (22, 7, 255), (23, 7, 255), (24, 7, 255), (25, 7, 255)]


Island: 20
size: 6
value: 95
[(26, 7, 95), (27, 7, 95), (28, 7, 95), (29, 7, 95), (30, 7, 95), (31, 7, 95)]


Island: 21
size: 5
value: 95
[(0, 8, 95), (1, 8, 95), (2, 8, 95), (3, 8, 95), (4, 8, 95)]


Island: 22
size: 1
value: 80
[(5, 8, 80)]


Island: 23
size: 4
value: 255
[(6, 8, 255), (7, 8, 255), (8, 8, 255), (9, 8, 255)]


Island: 24
size: 1
value: 80
[(10, 8, 80)]


Island: 25
size: 9
value: 95
[(11, 8, 95), (12, 8, 95), (13, 8, 95), (14, 8, 95), (15, 8, 95), (16, 8, 95), (17, 8, 95), (18, 8, 95), (19, 8, 95)]


Island: 26
size: 1
value: 80
[(20, 8, 80)]


Island: 27
size: 5
value: 255
[(21, 8, 255), (22, 8, 255), (23, 8, 255), (24, 8, 255), (25, 8, 255)]


Island: 28
size: 6
value: 95
[(26, 8, 95), (27, 8, 95), (28, 8, 95), (29, 8, 95), (30, 8, 95), (31, 8, 95)]


Island: 29
size: 7
value: 80
[(0, 9, 80), (1, 9, 80), (2, 9, 80), (3, 9, 80), (4, 9, 80), (5, 9, 80), (6, 9, 80)]


Island: 30
size: 5
value: 255
[(7, 9, 255), (8, 9, 255), (9, 9, 255), (10, 9, 255), (11, 9, 255)]


Island: 31
size: 10
value: 80
[(12, 9, 80), (13, 9, 80), (14, 9, 80), (15, 9, 80), (16, 9, 80), (17, 9, 80), (18, 9, 80), (19, 9, 80), (20, 9, 80), (21, 9, 80)]


Island: 32
size: 4
value: 255
[(22, 9, 255), (23, 9, 255), (24, 9, 255), (25, 9, 255)]


Island: 33
size: 6
value: 80
[(26, 9, 80), (27, 9, 80), (28, 9, 80), (29, 9, 80), (30, 9, 80), (31, 9, 80)]


Island: 34
size: 8
value: 80
[(0, 10, 80), (1, 10, 80), (2, 10, 80), (3, 10, 80), (4, 10, 80), (5, 10, 80), (6, 10, 80), (7, 10, 80)]


Island: 35
size: 6
value: 255
[(8, 10, 255), (9, 10, 255), (10, 10, 255), (11, 10, 255), (12, 10, 255), (13, 10, 255)]


Island: 36
size: 9
value: 80
[(14, 10, 80), (15, 10, 80), (16, 10, 80), (17, 10, 80), (18, 10, 80), (19, 10, 80), (20, 10, 80), (21, 10, 80), (22, 10, 80)]


Island: 37
size: 2
value: 255
[(23, 10, 255), (24, 10, 255)]


Island: 38
size: 1
value: 95
[(25, 10, 95)]


Island: 39
size: 6
value: 80
[(26, 10, 80), (27, 10, 80), (28, 10, 80), (29, 10, 80), (30, 10, 80), (31, 10, 80)]


Island: 40
size: 7
value: 80
[(1, 11, 80), (2, 11, 80), (3, 11, 80), (4, 11, 80), (5, 11, 80), (6, 11, 80), (7, 11, 80)]


Island: 41
size: 1
value: 111
[(8, 11, 111)]


Island: 42
size: 6
value: 255
[(9, 11, 255), (10, 11, 255), (11, 11, 255), (12, 11, 255), (13, 11, 255), (14, 11, 255)]


Island: 43
size: 16
value: 80
[(15, 11, 80), (16, 11, 80), (17, 11, 80), (18, 11, 80), (19, 11, 80), (20, 11, 80), (21, 11, 80), (22, 11, 80), (23, 11, 80), (24, 11, 80), (25, 11, 80), (26, 11, 80), (27, 11, 80), (28, 11, 80), (29, 11, 80), (30, 11, 80)]


Island: 44
size: 1
value: 255
[(0, 12, 255)]


Island: 45
size: 8
value: 80
[(1, 12, 80), (2, 12, 80), (3, 12, 80), (4, 12, 80), (5, 12, 80), (6, 12, 80), (7, 12, 80), (8, 12, 80)]


Island: 46
size: 1
value: 191
[(9, 12, 191)]


Island: 47
size: 7
value: 255
[(10, 12, 255), (11, 12, 255), (12, 12, 255), (13, 12, 255), (14, 12, 255), (15, 12, 255), (16, 12, 255)]


Island: 48
size: 14
value: 80
[(17, 12, 80), (18, 12, 80), (19, 12, 80), (20, 12, 80), (21, 12, 80), (22, 12, 80), (23, 12, 80), (24, 12, 80), (25, 12, 80), (26, 12, 80), (27, 12, 80), (28, 12, 80), (29, 12, 80), (30, 12, 80)]


Island: 49
size: 1
value: 255
[(0, 13, 255)]


Island: 50
size: 9
value: 80
[(1, 13, 80), (2, 13, 80), (3, 13, 80), (4, 13, 80), (5, 13, 80), (6, 13, 80), (7, 13, 80), (8, 13, 80), (9, 13, 80)]


Island: 51
size: 8
value: 255
[(10, 13, 255), (11, 13, 255), (12, 13, 255), (13, 13, 255), (14, 13, 255), (15, 13, 255), (16, 13, 255), (17, 13, 255)]


Island: 52
size: 13
value: 80
[(18, 13, 80), (19, 13, 80), (20, 13, 80), (21, 13, 80), (22, 13, 80), (23, 13, 80), (24, 13, 80), (25, 13, 80), (26, 13, 80), (27, 13, 80), (28, 13, 80), (29, 13, 80), (30, 13, 80)]


Island: 53
size: 1
value: 255
[(0, 14, 255)]


Island: 54
size: 10
value: 80
[(1, 14, 80), (2, 14, 80), (3, 14, 80), (4, 14, 80), (5, 14, 80), (6, 14, 80), (7, 14, 80), (8, 14, 80), (9, 14, 80), (10, 14, 80)]


Island: 55
size: 9
value: 255
[(11, 14, 255), (12, 14, 255), (13, 14, 255), (14, 14, 255), (15, 14, 255), (16, 14, 255), (17, 14, 255), (18, 14, 255), (19, 14, 255)]


Island: 56
size: 11
value: 80
[(20, 14, 80), (21, 14, 80), (22, 14, 80), (23, 14, 80), (24, 14, 80), (25, 14, 80), (26, 14, 80), (27, 14, 80), (28, 14, 80), (29, 14, 80), (30, 14, 80)]


Island: 57
size: 1
value: 255
[(0, 15, 255)]


Island: 58
size: 11
value: 80
[(1, 15, 80), (2, 15, 80), (3, 15, 80), (4, 15, 80), (5, 15, 80), (6, 15, 80), (7, 15, 80), (8, 15, 80), (9, 15, 80), (10, 15, 80), (11, 15, 80)]


Island: 59
size: 9
value: 255
[(12, 15, 255), (13, 15, 255), (14, 15, 255), (15, 15, 255), (16, 15, 255), (17, 15, 255), (18, 15, 255), (19, 15, 255), (20, 15, 255)]


Island: 60
size: 11
value: 80
[(21, 15, 80), (22, 15, 80), (23, 15, 80), (24, 15, 80), (25, 15, 80), (26, 15, 80), (27, 15, 80), (28, 15, 80), (29, 15, 80), (30, 15, 80), (31, 15, 80)]


Island: 61
size: 13
value: 80
[(0, 16, 80), (1, 16, 80), (2, 16, 80), (3, 16, 80), (4, 16, 80), (5, 16, 80), (6, 16, 80), (7, 16, 80), (8, 16, 80), (9, 16, 80), (10, 16, 80), (11, 16, 80), (12, 16, 80)]


Island: 62
size: 10
value: 255
[(13, 16, 255), (14, 16, 255), (15, 16, 255), (16, 16, 255), (17, 16, 255), (18, 16, 255), (19, 16, 255), (20, 16, 255), (21, 16, 255), (22, 16, 255)]


Island: 63
size: 9
value: 80
[(23, 16, 80), (24, 16, 80), (25, 16, 80), (26, 16, 80), (27, 16, 80), (28, 16, 80), (29, 16, 80), (30, 16, 80), (31, 16, 80)]


Island: 64
size: 14
value: 80
[(0, 17, 80), (1, 17, 80), (2, 17, 80), (3, 17, 80), (4, 17, 80), (5, 17, 80), (6, 17, 80), (7, 17, 80), (8, 17, 80), (9, 17, 80), (10, 17, 80), (11, 17, 80), (12, 17, 80), (13, 17, 80)]


Island: 65
size: 10
value: 255
[(14, 17, 255), (15, 17, 255), (16, 17, 255), (17, 17, 255), (18, 17, 255), (19, 17, 255), (20, 17, 255), (21, 17, 255), (22, 17, 255), (23, 17, 255)]


Island: 66
size: 7
value: 80
[(24, 17, 80), (25, 17, 80), (26, 17, 80), (27, 17, 80), (28, 17, 80), (29, 17, 80), (30, 17, 80)]


Island: 67
size: 15
value: 80
[(0, 18, 80), (1, 18, 80), (2, 18, 80), (3, 18, 80), (4, 18, 80), (5, 18, 80), (6, 18, 80), (7, 18, 80), (8, 18, 80), (9, 18, 80), (10, 18, 80), (11, 18, 80), (12, 18, 80), (13, 18, 80), (14, 18, 80)]


Island: 68
size: 11
value: 255
[(15, 18, 255), (16, 18, 255), (17, 18, 255), (18, 18, 255), (19, 18, 255), (20, 18, 255), (21, 18, 255), (22, 18, 255), (23, 18, 255), (24, 18, 255), (25, 18, 255)]


Island: 69
size: 6
value: 80
[(26, 18, 80), (27, 18, 80), (28, 18, 80), (29, 18, 80), (30, 18, 80), (31, 18, 80)]


Island: 70
size: 6
value: 80
[(0, 19, 80), (1, 19, 80), (2, 19, 80), (3, 19, 80), (4, 19, 80), (5, 19, 80)]


Island: 71
size: 1
value: 191
[(6, 19, 191)]


Island: 72
size: 9
value: 80
[(7, 19, 80), (8, 19, 80), (9, 19, 80), (10, 19, 80), (11, 19, 80), (12, 19, 80), (13, 19, 80), (14, 19, 80), (15, 19, 80)]


Island: 73
size: 1
value: 191
[(16, 19, 191)]


Island: 74
size: 10
value: 255
[(17, 19, 255), (18, 19, 255), (19, 19, 255), (20, 19, 255), (21, 19, 255), (22, 19, 255), (23, 19, 255), (24, 19, 255), (25, 19, 255), (26, 19, 255)]


Island: 75
size: 5
value: 80
[(27, 19, 80), (28, 19, 80), (29, 19, 80), (30, 19, 80), (31, 19, 80)]


Island: 76
size: 4
value: 80
[(1, 20, 80), (2, 20, 80), (3, 20, 80), (4, 20, 80)]


Island: 77
size: 1
value: 63
[(5, 20, 63)]


Island: 78
size: 2
value: 255
[(6, 20, 255), (7, 20, 255)]


Island: 79
size: 9
value: 80
[(8, 20, 80), (9, 20, 80), (10, 20, 80), (11, 20, 80), (12, 20, 80), (13, 20, 80), (14, 20, 80), (15, 20, 80), (16, 20, 80)]


Island: 80
size: 11
value: 255
[(17, 20, 255), (18, 20, 255), (19, 20, 255), (20, 20, 255), (21, 20, 255), (22, 20, 255), (23, 20, 255), (24, 20, 255), (25, 20, 255), (26, 20, 255), (27, 20, 255)]


Island: 81
size: 4
value: 80
[(28, 20, 80), (29, 20, 80), (30, 20, 80), (31, 20, 80)]


Island: 82
size: 4
value: 80
[(1, 21, 80), (2, 21, 80), (3, 21, 80), (4, 21, 80)]


Island: 83
size: 4
value: 255
[(5, 21, 255), (6, 21, 255), (7, 21, 255), (8, 21, 255)]


Island: 84
size: 9
value: 80
[(9, 21, 80), (10, 21, 80), (11, 21, 80), (12, 21, 80), (13, 21, 80), (14, 21, 80), (15, 21, 80), (16, 21, 80), (17, 21, 80)]


Island: 85
size: 10
value: 255
[(18, 21, 255), (19, 21, 255), (20, 21, 255), (21, 21, 255), (22, 21, 255), (23, 21, 255), (24, 21, 255), (25, 21, 255), (26, 21, 255), (27, 21, 255)]


Island: 86
size: 4
value: 80
[(28, 21, 80), (29, 21, 80), (30, 21, 80), (31, 21, 80)]


Island: 87
size: 4
value: 80
[(1, 22, 80), (2, 22, 80), (3, 22, 80), (4, 22, 80)]


Island: 88
size: 5
value: 255
[(5, 22, 255), (6, 22, 255), (7, 22, 255), (8, 22, 255), (9, 22, 255)]


Island: 89
size: 9
value: 80
[(10, 22, 80), (11, 22, 80), (12, 22, 80), (13, 22, 80), (14, 22, 80), (15, 22, 80), (16, 22, 80), (17, 22, 80), (18, 22, 80)]


Island: 90
size: 9
value: 255
[(19, 22, 255), (20, 22, 255), (21, 22, 255), (22, 22, 255), (23, 22, 255), (24, 22, 255), (25, 22, 255), (26, 22, 255), (27, 22, 255)]


Island: 91
size: 4
value: 80
[(28, 22, 80), (29, 22, 80), (30, 22, 80), (31, 22, 80)]


Island: 92
size: 3
value: 80
[(1, 23, 80), (2, 23, 80), (3, 23, 80)]


Island: 93
size: 7
value: 255
[(4, 23, 255), (5, 23, 255), (6, 23, 255), (7, 23, 255), (8, 23, 255), (9, 23, 255), (10, 23, 255)]


Island: 94
size: 9
value: 80
[(11, 23, 80), (12, 23, 80), (13, 23, 80), (14, 23, 80), (15, 23, 80), (16, 23, 80), (17, 23, 80), (18, 23, 80), (19, 23, 80)]


Island: 95
size: 7
value: 255
[(20, 23, 255), (21, 23, 255), (22, 23, 255), (23, 23, 255), (24, 23, 255), (25, 23, 255), (26, 23, 255)]


Island: 96
size: 1
value: 191
[(27, 23, 191)]


Island: 97
size: 4
value: 80
[(28, 23, 80), (29, 23, 80), (30, 23, 80), (31, 23, 80)]


Island: 98
size: 4
value: 80
[(0, 24, 80), (1, 24, 80), (2, 24, 80), (3, 24, 80)]


Island: 99
size: 8
value: 255
[(4, 24, 255), (5, 24, 255), (6, 24, 255), (7, 24, 255), (8, 24, 255), (9, 24, 255), (10, 24, 255), (11, 24, 255)]


Island: 100
size: 9
value: 80
[(12, 24, 80), (13, 24, 80), (14, 24, 80), (15, 24, 80), (16, 24, 80), (17, 24, 80), (18, 24, 80), (19, 24, 80), (20, 24, 80)]


Island: 101
size: 6
value: 255
[(21, 24, 255), (22, 24, 255), (23, 24, 255), (24, 24, 255), (25, 24, 255), (26, 24, 255)]


Island: 102
size: 5
value: 80
[(27, 24, 80), (28, 24, 80), (29, 24, 80), (30, 24, 80), (31, 24, 80)]


Island: 103
size: 5
value: 80
[(0, 25, 80), (1, 25, 80), (2, 25, 80), (3, 25, 80), (4, 25, 80)]


Island: 104
size: 1
value: 191
[(5, 25, 191)]


Island: 105
size: 6
value: 255
[(6, 25, 255), (7, 25, 255), (8, 25, 255), (9, 25, 255), (10, 25, 255), (11, 25, 255)]


Island: 106
size: 10
value: 80
[(12, 25, 80), (13, 25, 80), (14, 25, 80), (15, 25, 80), (16, 25, 80), (17, 25, 80), (18, 25, 80), (19, 25, 80), (20, 25, 80), (21, 25, 80)]


Island: 107
size: 5
value: 255
[(22, 25, 255), (23, 25, 255), (24, 25, 255), (25, 25, 255), (26, 25, 255)]


Island: 108
size: 5
value: 80
[(27, 25, 80), (28, 25, 80), (29, 25, 80), (30, 25, 80), (31, 25, 80)]


Island: 109
size: 7
value: 80
[(0, 26, 80), (1, 26, 80), (2, 26, 80), (3, 26, 80), (4, 26, 80), (5, 26, 80), (6, 26, 80)]


Island: 110
size: 1
value: 191
[(7, 26, 191)]


Island: 111
size: 1
value: 255
[(8, 26, 255)]


Island: 112
size: 23
value: 80
[(9, 26, 80), (10, 26, 80), (11, 26, 80), (12, 26, 80), (13, 26, 80), (14, 26, 80), (15, 26, 80), (16, 26, 80), (17, 26, 80), (18, 26, 80), (19, 26, 80), (20, 26, 80), (21, 26, 80), (22, 26, 80), (23, 26, 80), (24, 26, 80), (25, 26, 80), (26, 26, 80), (27, 26, 80), (28, 26, 80), (29, 26, 80), (30, 26, 80), (31, 26, 80)]


Island: 113
size: 31
value: 80
[(1, 27, 80), (2, 27, 80), (3, 27, 80), (4, 27, 80), (5, 27, 80), (6, 27, 80), (7, 27, 80), (8, 27, 80), (9, 27, 80), (10, 27, 80), (11, 27, 80), (12, 27, 80), (13, 27, 80), (14, 27, 80), (15, 27, 80), (16, 27, 80), (17, 27, 80), (18, 27, 80), (19, 27, 80), (20, 27, 80), (21, 27, 80), (22, 27, 80), (23, 27, 80), (24, 27, 80), (25, 27, 80), (26, 27, 80), (27, 27, 80), (28, 27, 80), (29, 27, 80), (30, 27, 80), (31, 27, 80)]


Island: 114
size: 31
value: 80
[(1, 28, 80), (2, 28, 80), (3, 28, 80), (4, 28, 80), (5, 28, 80), (6, 28, 80), (7, 28, 80), (8, 28, 80), (9, 28, 80), (10, 28, 80), (11, 28, 80), (12, 28, 80), (13, 28, 80), (14, 28, 80), (15, 28, 80), (16, 28, 80), (17, 28, 80), (18, 28, 80), (19, 28, 80), (20, 28, 80), (21, 28, 80), (22, 28, 80), (23, 28, 80), (24, 28, 80), (25, 28, 80), (26, 28, 80), (27, 28, 80), (28, 28, 80), (29, 28, 80), (30, 28, 80), (31, 28, 80)]


Island: 115
size: 32
value: 63
[(0, 29, 63), (1, 29, 63), (2, 29, 63), (3, 29, 63), (4, 29, 63), (5, 29, 63), (6, 29, 63), (7, 29, 63), (8, 29, 63), (9, 29, 63), (10, 29, 63), (11, 29, 63), (12, 29, 63), (13, 29, 63), (14, 29, 63), (15, 29, 63), (16, 29, 63), (17, 29, 63), (18, 29, 63), (19, 29, 63), (20, 29, 63), (21, 29, 63), (22, 29, 63), (23, 29, 63), (24, 29, 63), (25, 29, 63), (26, 29, 63), (27, 29, 63), (28, 29, 63), (29, 29, 63), (30, 29, 63), (31, 29, 63)]


Island: 116
size: 28
value: 63
[(1, 30, 63), (2, 30, 63), (3, 30, 63), (4, 30, 63), (5, 30, 63), (6, 30, 63), (7, 30, 63), (8, 30, 63), (9, 30, 63), (10, 30, 63), (11, 30, 63), (12, 30, 63), (13, 30, 63), (14, 30, 63), (15, 30, 63), (16, 30, 63), (17, 30, 63), (18, 30, 63), (19, 30, 63), (20, 30, 63), (21, 30, 63), (22, 30, 63), (23, 30, 63), (24, 30, 63), (25, 30, 63), (26, 30, 63), (27, 30, 63), (28, 30, 63)]


Island: 117
size: 2
value: 63
[(30, 30, 63), (31, 30, 63)]


Island: 118
size: 1
value: 63
[(13, 31, 63)]


Island: 119
size: 2
value: 63
[(16, 31, 63), (17, 31, 63)]


Island: 120
size: 1
value: 63
[(20, 31, 63)]


