Island: 0
size: 5
value: 0
[(6, 8), (6, 9), (7, 8), (8, 8), (9, 8)]


Island: 1
size: 3
value: 0
[(22, 8), (23, 8), (24, 8)]


Island: 2
size: 6
value: 0
[(10, 10), (10, 11), (10, 12), (10, 13), (10, 14), (10, 15)]


Island: 3
size: 2
value: 0
[(20, 10), (21, 10)]


Island: 4
size: 1
value: 0
[(27, 24)]


Island: 5
size: 3
value: 0
[(6, 26), (6, 27), (6, 28)]


Island: 6
size: 3
value: 0
[(29, 26), (29, 27), (29, 28)]


Island: 7
size: 2
value: 0
[(8, 29), (8, 30)]


Island: 8
size: 3
value: 5
[(7, 9), (8, 9), (9, 9)]


Island: 9
size: 5
value: 5
[(22, 9), (23, 9), (24, 9), (25, 8), (25, 9)]


Island: 10
size: 32
value: 5
[(11, 10), (11, 11), (11, 12), (11, 13), (11, 14), (11, 15), (12, 12), (12, 13), (13, 12), (13, 13), (14, 12), (14, 13), (15, 12), (15, 13), (16, 12), (16, 13), (17, 12), (17, 13), (18, 12), (18, 13), (19, 12), (19, 13), (20, 11), (20, 12), (20, 13), (20, 14), (20, 15), (21, 11), (21, 12), (21, 13), (21, 14), (21, 15)]


Island: 11
size: 1
value: 17
[(27, 25)]


Island: 12
size: 19
value: 5
[(7, 26), (7, 27), (7, 28), (8, 26), (8, 27), (8, 28), (9, 26), (9, 27), (9, 28), (9, 29), (9, 30), (10, 28), (10, 29), (10, 30), (11, 28), (11, 29), (11, 30), (12, 30), (13, 30)]


Island: 13
size: 55
value: 5
[(18, 28), (18, 29), (18, 30), (19, 28), (19, 29), (19, 30), (20, 26), (20, 27), (20, 28), (20, 29), (20, 30), (21, 26), (21, 27), (21, 28), (21, 29), (21, 30), (22, 26), (22, 27), (22, 28), (22, 29), (22, 30), (23, 26), (23, 27), (23, 28), (23, 29), (23, 30), (24, 24), (24, 25), (24, 26), (24, 27), (24, 28), (24, 29), (24, 30), (25, 24), (25, 25), (25, 26), (25, 27), (25, 28), (25, 29), (25, 30), (26, 24), (26, 25), (26, 26), (26, 27), (26, 28), (26, 29), (26, 30), (27, 26), (27, 27), (27, 28), (27, 29), (27, 30), (28, 26), (28, 27), (28, 28)]


Island: 14
size: 1
value: 104
[(10, 3)]


Island: 15
size: 2
value: 98
[(8, 4), (9, 4)]


Island: 16
size: 2
value: 98
[(22, 4), (23, 4)]


Island: 17
size: 2
value: 98
[(6, 6), (6, 7)]


Island: 18
size: 2
value: 104
[(7, 6), (8, 5)]


Island: 19
size: 2
value: 104
[(24, 6), (25, 6)]


Island: 20
size: 1
value: 98
[(27, 8)]


Island: 21
size: 1
value: 104
[(27, 9)]


Island: 22
size: 1
value: 104
[(3, 10)]


Island: 23
size: 4
value: 98
[(29, 10), (29, 11), (29, 12), (29, 13)]


Island: 24
size: 332
value: 108
[(1, 14), (1, 15), (1, 16), (1, 17), (1, 18), (1, 19), (2, 14), (2, 15), (2, 16), (2, 17), (2, 18), (2, 19), (3, 11), (3, 12), (3, 13), (3, 14), (3, 15), (3, 16), (3, 17), (3, 18), (3, 19), (3, 20), (3, 21), (4, 10), (4, 11), (4, 12), (4, 13), (4, 14), (4, 15), (4, 16), (4, 17), (4, 18), (4, 19), (4, 20), (4, 21), (5, 8), (5, 9), (5, 10), (5, 11), (5, 12), (5, 13), (5, 14), (5, 15), (5, 16), (5, 17), (5, 18), (5, 19), (5, 20), (5, 21), (6, 10), (6, 11), (6, 12), (6, 13), (6, 14), (6, 15), (6, 16), (6, 17), (6, 18), (6, 19), (6, 20), (6, 21), (7, 7), (7, 10), (7, 11), (7, 12), (7, 13), (7, 14), (7, 15), (7, 16), (7, 17), (7, 18), (7, 19), (7, 20), (7, 21), (8, 6), (8, 7), (8, 18), (8, 19), (8, 20), (8, 21), (9, 5), (9, 6), (9, 7), (9, 18), (9, 19), (9, 20), (9, 21), (10, 4), (10, 5), (10, 6), (10, 7), (10, 8), (10, 9), (10, 18), (10, 19), (11, 3), (11, 4), (11, 5), (11, 6), (11, 7), (11, 8), (11, 9), (11, 18), (11, 19), (12, 1), (12, 2), (12, 3), (12, 4), (12, 5), (12, 6), (12, 7), (12, 8), (12, 9), (12, 10), (12, 11), (12, 18), (12, 19), (13, 1), (13, 2), (13, 3), (13, 4), (13, 5), (13, 6), (13, 7), (13, 8), (13, 9), (13, 10), (13, 11), (13, 18), (13, 19), (14, 1), (14, 2), (14, 3), (14, 4), (14, 5), (14, 6), (14, 7), (14, 8), (14, 9), (14, 10), (14, 11), (14, 14), (14, 15), (14, 16), (14, 17), (14, 18), (14, 19), (15, 1), (15, 2), (15, 3), (15, 4), (15, 5), (15, 6), (15, 7), (15, 8), (15, 9), (15, 10), (15, 11), (15, 14), (15, 15), (15, 16), (15, 17), (15, 18), (15, 19), (16, 1), (16, 2), (16, 3), (16, 4), (16, 5), (16, 6), (16, 7), (16, 8), (16, 9), (16, 10), (16, 11), (16, 14), (16, 15), (16, 16), (16, 17), (16, 18), (16, 19), (17, 1), (17, 2), (17, 3), (17, 4), (17, 5), (17, 6), (17, 7), (17, 8), (17, 9), (17, 10), (17, 11), (17, 14), (17, 15), (17, 16), (17, 17), (17, 18), (17, 19), (18, 1), (18, 2), (18, 3), (18, 4), (18, 5), (18, 6), (18, 7), (18, 8), (18, 9), (18, 10), (18, 11), (18, 18), (18, 19), (19, 1), (19, 2), (19, 3), (19, 4), (19, 5), (19, 6), (19, 7), (19, 8), (19, 9), (19, 10), (19, 11), (19, 18), (19, 19), (20, 3), (20, 4), (20, 5), (20, 6), (20, 7), (20, 8), (20, 9), (20, 18), (20, 19), (21, 3), (21, 4), (21, 5), (21, 6), (21, 7), (21, 8), (21, 9), (21, 18), (21, 19), (22, 5), (22, 6), (22, 7), (22, 18), (22, 19), (22, 20), (22, 21), (23, 5), (23, 6), (23, 7), (23, 18), (23, 19), (23, 20), (23, 21), (24, 7), (24, 10), (24, 11), (24, 12), (24, 13), (24, 14), (24, 15), (24, 16), (24, 17), (24, 18), (24, 19), (24, 20), (24, 21), (25, 7), (25, 10), (25, 11), (25, 12), (25, 13), (25, 14), (25, 15), (25, 16), (25, 17), (25, 18), (25, 19), (25, 20), (25, 21), (26, 8), (26, 9), (26, 10), (26, 11), (26, 12), (26, 13), (26, 14), (26, 15), (26, 16), (26, 17), (26, 18), (26, 19), (26, 20), (26, 21), (27, 10), (27, 11), (27, 12), (27, 13), (27, 14), (27, 15), (27, 16), (27, 17), (27, 18), (27, 19), (27, 20), (27, 21), (28, 10), (28, 11), (28, 12), (28, 13), (28, 14), (28, 15), (28, 16), (28, 17), (28, 18), (28, 19), (28, 20), (28, 21), (29, 14), (29, 15), (29, 16), (29, 17), (29, 18), (29, 19), (30, 14), (30, 15), (30, 16), (30, 17), (30, 18), (30, 19)]


Island: 25
size: 2
value: 98
[(29, 20), (29, 21)]


Island: 26
size: 8
value: 172
[(12, 0), (13, 0), (14, 0), (15, 0), (16, 0), (17, 0), (18, 0), (19, 0)]


Island: 27
size: 2
value: 132
[(10, 2), (11, 2)]


Island: 28
size: 2
value: 132
[(20, 2), (21, 2)]


Island: 29
size: 2
value: 155
[(4, 8), (4, 9)]


Island: 30
size: 6
value: 155
[(31, 14), (31, 15), (31, 16), (31, 17), (31, 18), (31, 19)]


Island: 31
size: 2
value: 152
[(10, 27), (11, 27)]


Island: 32
size: 2
value: 152
[(18, 27), (19, 27)]


Island: 33
size: 2
value: 135
[(6, 29), (7, 29)]


Island: 34
size: 2
value: 130
[(12, 29), (13, 29)]


Island: 35
size: 2
value: 135
[(28, 29), (29, 29)]


Island: 36
size: 6
value: 182
[(8, 31), (9, 31), (10, 31), (11, 31), (12, 31), (13, 31)]


Island: 37
size: 10
value: 182
[(18, 31), (19, 31), (20, 31), (21, 31), (22, 31), (23, 31), (24, 31), (25, 31), (26, 31), (27, 31)]


Island: 38
size: 2
value: 212
[(2, 10), (2, 11)]


Island: 39
size: 8
value: 212
[(8, 10), (8, 11), (8, 12), (8, 13), (8, 14), (8, 15), (8, 16), (8, 17)]


Island: 40
size: 20
value: 208
[(9, 10), (9, 11), (9, 12), (9, 13), (9, 14), (9, 15), (9, 16), (9, 17), (10, 16), (10, 17), (11, 16), (11, 17), (12, 14), (12, 15), (12, 16), (12, 17), (13, 14), (13, 15), (13, 16), (13, 17)]


Island: 41
size: 1
value: 207
[(2, 12)]


Island: 42
size: 1
value: 212
[(2, 13)]


Island: 43
size: 6
value: 226
[(0, 14), (0, 15), (0, 16), (0, 17), (0, 18), (0, 19)]


Island: 44
size: 28
value: 208
[(18, 14), (18, 15), (18, 16), (18, 17), (19, 14), (19, 15), (19, 16), (19, 17), (20, 16), (20, 17), (21, 16), (21, 17), (22, 10), (22, 11), (22, 12), (22, 13), (22, 14), (22, 15), (22, 16), (22, 17), (23, 10), (23, 11), (23, 12), (23, 13), (23, 14), (23, 15), (23, 16), (23, 17)]


Island: 45
size: 1
value: 212
[(2, 20)]


Island: 46
size: 1
value: 207
[(2, 21)]


Island: 47
size: 104
value: 208
[(8, 22), (8, 23), (8, 24), (9, 22), (9, 23), (9, 24), (10, 20), (10, 21), (10, 22), (10, 23), (10, 24), (10, 25), (10, 26), (11, 20), (11, 21), (11, 22), (11, 23), (11, 24), (11, 25), (11, 26), (12, 20), (12, 21), (12, 22), (12, 23), (12, 24), (12, 25), (12, 26), (12, 27), (12, 28), (13, 20), (13, 21), (13, 22), (13, 23), (13, 24), (13, 25), (13, 26), (13, 27), (13, 28), (14, 20), (14, 21), (14, 22), (14, 23), (14, 24), (14, 25), (14, 26), (14, 27), (14, 28), (15, 20), (15, 21), (15, 22), (15, 23), (15, 24), (15, 25), (15, 26), (15, 27), (15, 28), (16, 20), (16, 21), (16, 22), (16, 23), (16, 24), (16, 25), (16, 26), (16, 27), (16, 28), (17, 20), (17, 21), (17, 22), (17, 23), (17, 24), (17, 25), (17, 26), (17, 27), (17, 28), (18, 20), (18, 21), (18, 22), (18, 23), (18, 24), (18, 25), (18, 26), (19, 20), (19, 21), (19, 22), (19, 23), (19, 24), (19, 25), (19, 26), (20, 20), (20, 21), (20, 22), (20, 23), (20, 24), (21, 20), (21, 21), (21, 22), (21, 23), (21, 24), (22, 22), (22, 23), (22, 24), (23, 22), (23, 23), (23, 24)]


Island: 48
size: 44
value: 255
[(24, 22), (24, 23), (25, 22), (25, 23), (26, 22), (26, 23), (27, 22), (27, 23), (28, 22), (28, 23), (28, 24), (28, 25), (28, 30), (28, 31), (29, 22), (29, 23), (29, 24), (29, 25), (29, 30), (29, 31), (30, 20), (30, 21), (30, 22), (30, 23), (30, 24), (30, 25), (30, 26), (30, 27), (30, 28), (30, 29), (30, 30), (30, 31), (31, 20), (31, 21), (31, 22), (31, 23), (31, 24), (31, 25), (31, 26), (31, 27), (31, 28), (31, 29), (31, 30), (31, 31)]


Island: 49
size: 2
value: 212
[(8, 25), (9, 25)]


Island: 50
size: 4
value: 212
[(20, 25), (21, 25), (22, 25), (23, 25)]


Island: 51
size: 4
value: 226
[(14, 29), (15, 29), (16, 29), (17, 29)]


