Island: 0
size: 7
value: 0
[(18, 2), (19, 1), (19, 2), (20, 3), (21, 4), (22, 5), (22, 6)]


Island: 1
size: 6
value: 0
[(9, 5), (9, 6), (10, 4), (11, 3), (12, 2), (13, 2)]


Island: 2
size: 1
value: 1
[(8, 8)]


Island: 3
size: 1
value: 5
[(23, 8)]


Island: 4
size: 6
value: 2
[(8, 14), (8, 15), (9, 16), (9, 18), (10, 16), (10, 17)]


Island: 5
size: 1
value: 1
[(11, 14)]


Island: 6
size: 3
value: 30
[(19, 15), (19, 16), (20, 14)]


Island: 7
size: 6
value: 0
[(21, 16), (21, 17), (22, 16), (22, 18), (23, 14), (23, 15)]


Island: 8
size: 1
value: 3
[(8, 20)]


Island: 9
size: 2
value: 0
[(6, 21), (6, 22)]


Island: 10
size: 1
value: 0
[(10, 21)]


Island: 11
size: 1
value: 0
[(21, 21)]


Island: 12
size: 5
value: 0
[(8, 23), (9, 23), (10, 23), (10, 24), (11, 24)]


Island: 13
size: 8
value: 1
[(20, 24), (21, 23), (21, 24), (22, 23), (23, 20), (23, 23), (24, 21), (24, 22)]


Island: 14
size: 5
value: 0
[(9, 26), (9, 27), (10, 28), (11, 28), (12, 28)]


Island: 15
size: 16
value: 0
[(12, 26), (13, 26), (14, 26), (14, 27), (15, 26), (16, 26), (17, 26), (17, 27), (18, 26), (18, 28), (19, 26), (19, 28), (20, 28), (21, 28), (22, 26), (22, 27)]


Island: 16
size: 2
value: 40
[(12, 1), (13, 1)]


Island: 17
size: 1
value: 38
[(18, 1)]


Island: 18
size: 1
value: 56
[(6, 11)]


Island: 19
size: 1
value: 63
[(24, 11)]


Island: 20
size: 1
value: 46
[(8, 13)]


Island: 21
size: 1
value: 45
[(23, 13)]


Island: 22
size: 3
value: 56
[(12, 15), (12, 16), (13, 15)]


Island: 23
size: 2
value: 56
[(18, 15), (18, 16)]


Island: 24
size: 1
value: 46
[(11, 20)]


Island: 25
size: 1
value: 39
[(20, 20)]


Island: 26
size: 1
value: 42
[(10, 22)]


Island: 27
size: 1
value: 47
[(21, 22)]


Island: 28
size: 20
value: 56
[(10, 25), (11, 25), (11, 26), (12, 25), (12, 27), (13, 25), (13, 27), (13, 28), (14, 25), (15, 25), (16, 25), (17, 25), (18, 25), (18, 27), (19, 25), (19, 27), (20, 25), (20, 26), (21, 25), (21, 26)]


Island: 29
size: 17
value: 81
[(10, 5), (11, 4), (12, 3), (13, 3), (14, 1), (14, 2), (15, 1), (15, 2), (16, 1), (16, 2), (17, 1), (17, 2), (18, 3), (19, 3), (20, 4), (20, 6), (21, 5)]


Island: 30
size: 6
value: 87
[(8, 7), (8, 9), (9, 7), (9, 8), (9, 9), (10, 8)]


Island: 31
size: 2
value: 95
[(5, 9), (5, 10)]


Island: 32
size: 1
value: 76
[(19, 9)]


Island: 33
size: 2
value: 93
[(26, 9), (26, 10)]


Island: 34
size: 1
value: 93
[(11, 10)]


Island: 35
size: 14
value: 95
[(20, 11), (21, 8), (21, 12), (21, 13), (21, 14), (21, 15), (22, 7), (22, 8), (22, 9), (22, 10), (22, 11), (23, 7), (23, 9), (23, 12)]


Island: 36
size: 8
value: 72
[(8, 12), (9, 11), (10, 12), (10, 13), (10, 14), (10, 15), (11, 13), (12, 14)]


Island: 37
size: 3
value: 71
[(17, 15), (18, 14), (19, 14)]


Island: 38
size: 8
value: 78
[(13, 16), (14, 12), (14, 13), (14, 14), (14, 15), (15, 12), (16, 11), (17, 10)]


Island: 39
size: 43
value: 93
[(11, 17), (11, 18), (11, 19), (11, 21), (12, 18), (12, 19), (12, 20), (12, 21), (12, 22), (12, 24), (13, 18), (13, 19), (13, 20), (13, 21), (13, 22), (13, 24), (14, 20), (14, 21), (14, 22), (14, 23), (15, 20), (15, 21), (16, 20), (16, 21), (17, 20), (17, 21), (17, 22), (17, 23), (18, 18), (18, 19), (18, 20), (18, 21), (18, 22), (18, 24), (19, 18), (19, 19), (19, 20), (19, 21), (19, 22), (19, 24), (20, 18), (20, 19), (20, 21)]


Island: 40
size: 1
value: 81
[(9, 19)]


Island: 41
size: 1
value: 87
[(22, 19)]


Island: 42
size: 3
value: 64
[(10, 26), (10, 27), (11, 27)]


Island: 43
size: 2
value: 64
[(20, 27), (21, 27)]


Island: 44
size: 27
value: 116
[(10, 6), (10, 7), (11, 5), (11, 6), (12, 4), (12, 5), (13, 4), (13, 5), (14, 3), (14, 4), (14, 5), (15, 3), (15, 4), (15, 5), (16, 3), (16, 4), (16, 5), (17, 3), (17, 4), (17, 5), (18, 4), (18, 5), (19, 4), (19, 5), (20, 5), (21, 6), (21, 7)]


Island: 45
size: 2
value: 111
[(12, 9), (13, 9)]


Island: 46
size: 2
value: 109
[(17, 9), (18, 9)]


Island: 47
size: 10
value: 97
[(9, 10), (10, 9), (10, 11), (11, 11), (11, 12), (12, 12), (12, 13), (13, 12), (13, 13), (13, 14)]


Island: 48
size: 2
value: 98
[(20, 10), (21, 11)]


Island: 49
size: 1
value: 111
[(15, 11)]


Island: 50
size: 1
value: 110
[(9, 15)]


Island: 51
size: 1
value: 109
[(22, 15)]


Island: 52
size: 1
value: 96
[(20, 17)]


Island: 53
size: 2
value: 116
[(7, 21), (7, 22)]


Island: 54
size: 12
value: 116
[(11, 22), (11, 23), (12, 23), (13, 23), (14, 24), (15, 24), (16, 24), (17, 24), (18, 23), (19, 23), (20, 22), (20, 23)]


Island: 55
size: 1
value: 109
[(9, 25)]


Island: 56
size: 1
value: 110
[(22, 25)]


Island: 57
size: 1
value: 157
[(25, 10)]


Island: 58
size: 1
value: 128
[(7, 11)]


Island: 59
size: 1
value: 159
[(15, 13)]


Island: 60
size: 1
value: 158
[(18, 13)]


Island: 61
size: 1
value: 137
[(20, 13)]


Island: 62
size: 1
value: 183
[(7, 9)]


Island: 63
size: 1
value: 160
[(25, 9)]


Island: 64
size: 1
value: 185
[(25, 11)]


Island: 65
size: 1
value: 161
[(19, 13)]


Island: 66
size: 2
value: 179
[(25, 21), (25, 22)]


Island: 67
size: 2
value: 212
[(7, 7), (7, 8)]


Island: 68
size: 1
value: 222
[(24, 9)]


Island: 69
size: 43
value: 221
[(10, 10), (11, 7), (11, 8), (11, 9), (12, 6), (12, 7), (12, 8), (12, 10), (12, 11), (13, 6), (13, 7), (13, 10), (13, 11), (14, 6), (14, 7), (14, 8), (14, 9), (14, 10), (14, 11), (15, 6), (15, 7), (15, 8), (15, 9), (15, 10), (16, 6), (16, 7), (16, 8), (16, 9), (16, 10), (16, 12), (17, 6), (17, 7), (17, 8), (17, 11), (18, 6), (18, 7), (18, 10), (19, 10), (20, 7), (20, 8), (20, 9), (21, 9), (21, 10)]


Island: 70
size: 1
value: 221
[(23, 11)]


Island: 71
size: 8
value: 206
[(7, 12), (7, 13), (7, 14), (7, 15), (8, 11), (9, 12), (9, 13), (9, 14)]


Island: 72
size: 1
value: 218
[(20, 12)]


Island: 73
size: 2
value: 222
[(22, 13), (22, 14)]


Island: 74
size: 1
value: 219
[(15, 14)]


Island: 75
size: 1
value: 219
[(17, 14)]


Island: 76
size: 8
value: 217
[(14, 18), (14, 19), (15, 18), (15, 19), (16, 18), (16, 19), (17, 18), (17, 19)]


Island: 77
size: 5
value: 222
[(21, 18), (21, 19), (21, 20), (22, 20), (23, 19)]


Island: 78
size: 6
value: 203
[(7, 20), (8, 19), (9, 20), (10, 18), (10, 19), (10, 20)]


Island: 79
size: 4
value: 221
[(15, 22), (15, 23), (16, 22), (16, 23)]


Island: 80
size: 1
value: 217
[(23, 22)]


Island: 81
size: 2
value: 198
[(7, 23), (8, 22)]


Island: 82
size: 1
value: 225
[(13, 8)]


Island: 83
size: 4
value: 224
[(18, 8), (19, 6), (19, 7), (19, 8)]


Island: 84
size: 2
value: 231
[(23, 10), (24, 10)]


Island: 85
size: 1
value: 224
[(22, 12)]


Island: 86
size: 26
value: 254
[(11, 15), (11, 16), (12, 17), (13, 17), (14, 16), (14, 17), (15, 15), (15, 16), (15, 17), (16, 13), (16, 14), (16, 15), (16, 16), (16, 17), (17, 12), (17, 13), (17, 16), (17, 17), (18, 11), (18, 12), (18, 17), (19, 11), (19, 12), (19, 17), (20, 15), (20, 16)]


Island: 87
size: 3
value: 230
[(8, 21), (9, 21), (9, 22)]


