Island: 0
size: 32
value: 255
[(0, 0, 255), (1, 0, 255), (2, 0, 255), (3, 0, 255), (4, 0, 255), (5, 0, 255), (6, 0, 255), (7, 0, 255), (8, 0, 255), (9, 0, 255), (10, 0, 255), (11, 0, 255), (12, 0, 255), (13, 0, 255), (14, 0, 255), (15, 0, 255), (16, 0, 255), (17, 0, 255), (18, 0, 255), (19, 0, 255), (20, 0, 255), (21, 0, 255), (22, 0, 255), (23, 0, 255), (24, 0, 255), (25, 0, 255), (26, 0, 255), (27, 0, 255), (28, 0, 255), (29, 0, 255), (30, 0, 255), (31, 0, 255)]


Island: 1
size: 32
value: 255
[(0, 1, 255), (1, 1, 255), (2, 1, 255), (3, 1, 255), (4, 1, 255), (5, 1, 255), (6, 1, 255), (7, 1, 255), (8, 1, 255), (9, 1, 255), (10, 1, 255), (11, 1, 255), (12, 1, 255), (13, 1, 255), (14, 1, 255), (15, 1, 255), (16, 1, 255), (17, 1, 255), (18, 1, 255), (19, 1, 255), (20, 1, 255), (21, 1, 255), (22, 1, 255), (23, 1, 255), (24, 1, 255), (25, 1, 255), (26, 1, 255), (27, 1, 255), (28, 1, 255), (29, 1, 255), (30, 1, 255), (31, 1, 255)]


Island: 2
size: 32
value: 255
[(0, 2, 255), (1, 2, 255), (2, 2, 255), (3, 2, 255), (4, 2, 255), (5, 2, 255), (6, 2, 255), (7, 2, 255), (8, 2, 255), (9, 2, 255), (10, 2, 255), (11, 2, 255), (12, 2, 255), (13, 2, 255), (14, 2, 255), (15, 2, 255), (16, 2, 255), (17, 2, 255), (18, 2, 255), (19, 2, 255), (20, 2, 255), (21, 2, 255), (22, 2, 255), (23, 2, 255), (24, 2, 255), (25, 2, 255), (26, 2, 255), (27, 2, 255), (28, 2, 255), (29, 2, 255), (30, 2, 255), (31, 2, 255)]


Island: 3
size: 32
value: 255
[(0, 3, 255), (1, 3, 255), (2, 3, 255), (3, 3, 255), (4, 3, 255), (5, 3, 255), (6, 3, 255), (7, 3, 255), (8, 3, 255), (9, 3, 255), (10, 3, 255), (11, 3, 255), (12, 3, 255), (13, 3, 255), (14, 3, 255), (15, 3, 255), (16, 3, 255), (17, 3, 255), (18, 3, 255), (19, 3, 255), (20, 3, 255), (21, 3, 255), (22, 3, 255), (23, 3, 255), (24, 3, 255), (25, 3, 255), (26, 3, 255), (27, 3, 255), (28, 3, 255), (29, 3, 255), (30, 3, 255), (31, 3, 255)]


Island: 4
size: 32
value: 255
[(0, 4, 255), (1, 4, 255), (2, 4, 255), (3, 4, 255), (4, 4, 255), (5, 4, 255), (6, 4, 255), (7, 4, 255), (8, 4, 255), (9, 4, 255), (10, 4, 255), (11, 4, 255), (12, 4, 255), (13, 4, 255), (14, 4, 255), (15, 4, 255), (16, 4, 255), (17, 4, 255), (18, 4, 255), (19, 4, 255), (20, 4, 255), (21, 4, 255), (22, 4, 255), (23, 4, 255), (24, 4, 255), (25, 4, 255), (26, 4, 255), (27, 4, 255), (28, 4, 255), (29, 4, 255), (30, 4, 255), (31, 4, 255)]


Island: 5
size: 5
value: 255
[(0, 5, 255), (1, 5, 255), (2, 5, 255), (3, 5, 255), (4, 5, 255)]


Island: 6
size: 9
value: 95
[(5, 5, 95), (6, 5, 95), (7, 5, 95), (8, 5, 95), (9, 5, 95), (10, 5, 95), (11, 5, 95), (12, 5, 95), (13, 5, 95)]


Island: 7
size: 4
value: 255
[(14, 5, 255), (15, 5, 255), (16, 5, 255), (17, 5, 255)]


Island: 8
size: 9
value: 95
[(18, 5, 95), (19, 5, 95), (20, 5, 95), (21, 5, 95), (22, 5, 95), (23, 5, 95), (24, 5, 95), (25, 5, 95), (26, 5, 95)]


Island: 9
size: 5
value: 255
[(27, 5, 255), (28, 5, 255), (29, 5, 255), (30, 5, 255), (31, 5, 255)]


Island: 10
size: 5
value: 255
[(0, 6, 255), (1, 6, 255), (2, 6, 255), (3, 6, 255), (4, 6, 255)]


Island: 11
size: 9
value: 95
[(5, 6, 95), (6, 6, 95), (7, 6, 95), (8, 6, 95), (9, 6, 95), (10, 6, 95), (11, 6, 95), (12, 6, 95), (13, 6, 95)]


Island: 12
size: 4
value: 255
[(14, 6, 255), (15, 6, 255), (16, 6, 255), (17, 6, 255)]


Island: 13
size: 9
value: 95
[(18, 6, 95), (19, 6, 95), (20, 6, 95), (21, 6, 95), (22, 6, 95), (23, 6, 95), (24, 6, 95), (25, 6, 95), (26, 6, 95)]


Island: 14
size: 5
value: 255
[(27, 6, 255), (28, 6, 255), (29, 6, 255), (30, 6, 255), (31, 6, 255)]


Island: 15
size: 5
value: 255
[(0, 7, 255), (1, 7, 255), (2, 7, 255), (3, 7, 255), (4, 7, 255)]


Island: 16
size: 9
value: 95
[(5, 7, 95), (6, 7, 95), (7, 7, 95), (8, 7, 95), (9, 7, 95), (10, 7, 95), (11, 7, 95), (12, 7, 95), (13, 7, 95)]


Island: 17
size: 4
value: 255
[(14, 7, 255), (15, 7, 255), (16, 7, 255), (17, 7, 255)]


Island: 18
size: 9
value: 95
[(18, 7, 95), (19, 7, 95), (20, 7, 95), (21, 7, 95), (22, 7, 95), (23, 7, 95), (24, 7, 95), (25, 7, 95), (26, 7, 95)]


Island: 19
size: 5
value: 255
[(27, 7, 255), (28, 7, 255), (29, 7, 255), (30, 7, 255), (31, 7, 255)]


Island: 20
size: 5
value: 255
[(0, 8, 255), (1, 8, 255), (2, 8, 255), (3, 8, 255), (4, 8, 255)]


Island: 21
size: 9
value: 95
[(5, 8, 95), (6, 8, 95), (7, 8, 95), (8, 8, 95), (9, 8, 95), (10, 8, 95), (11, 8, 95), (12, 8, 95), (13, 8, 95)]


Island: 22
size: 4
value: 255
[(14, 8, 255), (15, 8, 255), (16, 8, 255), (17, 8, 255)]


Island: 23
size: 9
value: 95
[(18, 8, 95), (19, 8, 95), (20, 8, 95), (21, 8, 95), (22, 8, 95), (23, 8, 95), (24, 8, 95), (25, 8, 95), (26, 8, 95)]


Island: 24
size: 5
value: 255
[(27, 8, 255), (28, 8, 255), (29, 8, 255), (30, 8, 255), (31, 8, 255)]


Island: 25
size: 5
value: 255
[(0, 9, 255), (1, 9, 255), (2, 9, 255), (3, 9, 255), (4, 9, 255)]


Island: 26
size: 9
value: 95
[(5, 9, 95), (6, 9, 95), (7, 9, 95), (8, 9, 95), (9, 9, 95), (10, 9, 95), (11, 9, 95), (12, 9, 95), (13, 9, 95)]


Island: 27
size: 4
value: 255
[(14, 9, 255), (15, 9, 255), (16, 9, 255), (17, 9, 255)]


Island: 28
size: 9
value: 95
[(18, 9, 95), (19, 9, 95), (20, 9, 95), (21, 9, 95), (22, 9, 95), (23, 9, 95), (24, 9, 95), (25, 9, 95), (26, 9, 95)]


Island: 29
size: 5
value: 255
[(27, 9, 255), (28, 9, 255), (29, 9, 255), (30, 9, 255), (31, 9, 255)]


Island: 30
size: 5
value: 255
[(0, 10, 255), (1, 10, 255), (2, 10, 255), (3, 10, 255), (4, 10, 255)]


Island: 31
size: 9
value: 95
[(5, 10, 95), (6, 10, 95), (7, 10, 95), (8, 10, 95), (9, 10, 95), (10, 10, 95), (11, 10, 95), (12, 10, 95), (13, 10, 95)]


Island: 32
size: 4
value: 255
[(14, 10, 255), (15, 10, 255), (16, 10, 255), (17, 10, 255)]


Island: 33
size: 9
value: 95
[(18, 10, 95), (19, 10, 95), (20, 10, 95), (21, 10, 95), (22, 10, 95), (23, 10, 95), (24, 10, 95), (25, 10, 95), (26, 10, 95)]


Island: 34
size: 5
value: 255
[(27, 10, 255), (28, 10, 255), (29, 10, 255), (30, 10, 255), (31, 10, 255)]


Island: 35
size: 5
value: 255
[(0, 11, 255), (1, 11, 255), (2, 11, 255), (3, 11, 255), (4, 11, 255)]


Island: 36
size: 9
value: 95
[(5, 11, 95), (6, 11, 95), (7, 11, 95), (8, 11, 95), (9, 11, 95), (10, 11, 95), (11, 11, 95), (12, 11, 95), (13, 11, 95)]


Island: 37
size: 4
value: 255
[(14, 11, 255), (15, 11, 255), (16, 11, 255), (17, 11, 255)]


Island: 38
size: 9
value: 95
[(18, 11, 95), (19, 11, 95), (20, 11, 95), (21, 11, 95), (22, 11, 95), (23, 11, 95), (24, 11, 95), (25, 11, 95), (26, 11, 95)]


Island: 39
size: 5
value: 255
[(27, 11, 255), (28, 11, 255), (29, 11, 255), (30, 11, 255), (31, 11, 255)]


Island: 40
size: 5
value: 255
[(0, 12, 255), (1, 12, 255), (2, 12, 255), (3, 12, 255), (4, 12, 255)]


Island: 41
size: 9
value: 95
[(5, 12, 95), (6, 12, 95), (7, 12, 95), (8, 12, 95), (9, 12, 95), (10, 12, 95), (11, 12, 95), (12, 12, 95), (13, 12, 95)]


Island: 42
size: 4
value: 255
[(14, 12, 255), (15, 12, 255), (16, 12, 255), (17, 12, 255)]


Island: 43
size: 9
value: 95
[(18, 12, 95), (19, 12, 95), (20, 12, 95), (21, 12, 95), (22, 12, 95), (23, 12, 95), (24, 12, 95), (25, 12, 95), (26, 12, 95)]


Island: 44
size: 5
value: 255
[(27, 12, 255), (28, 12, 255), (29, 12, 255), (30, 12, 255), (31, 12, 255)]


Island: 45
size: 5
value: 255
[(0, 13, 255), (1, 13, 255), (2, 13, 255), (3, 13, 255), (4, 13, 255)]


Island: 46
size: 9
value: 95
[(5, 13, 95), (6, 13, 95), (7, 13, 95), (8, 13, 95), (9, 13, 95), (10, 13, 95), (11, 13, 95), (12, 13, 95), (13, 13, 95)]


Island: 47
size: 4
value: 255
[(14, 13, 255), (15, 13, 255), (16, 13, 255), (17, 13, 255)]


Island: 48
size: 9
value: 95
[(18, 13, 95), (19, 13, 95), (20, 13, 95), (21, 13, 95), (22, 13, 95), (23, 13, 95), (24, 13, 95), (25, 13, 95), (26, 13, 95)]


Island: 49
size: 5
value: 255
[(27, 13, 255), (28, 13, 255), (29, 13, 255), (30, 13, 255), (31, 13, 255)]


Island: 50
size: 32
value: 255
[(0, 14, 255), (1, 14, 255), (2, 14, 255), (3, 14, 255), (4, 14, 255), (5, 14, 255), (6, 14, 255), (7, 14, 255), (8, 14, 255), (9, 14, 255), (10, 14, 255), (11, 14, 255), (12, 14, 255), (13, 14, 255), (14, 14, 255), (15, 14, 255), (16, 14, 255), (17, 14, 255), (18, 14, 255), (19, 14, 255), (20, 14, 255), (21, 14, 255), (22, 14, 255), (23, 14, 255), (24, 14, 255), (25, 14, 255), (26, 14, 255), (27, 14, 255), (28, 14, 255), (29, 14, 255), (30, 14, 255), (31, 14, 255)]


Island: 51
size: 32
value: 255
[(0, 15, 255), (1, 15, 255), (2, 15, 255), (3, 15, 255), (4, 15, 255), (5, 15, 255), (6, 15, 255), (7, 15, 255), (8, 15, 255), (9, 15, 255), (10, 15, 255), (11, 15, 255), (12, 15, 255), (13, 15, 255), (14, 15, 255), (15, 15, 255), (16, 15, 255), (17, 15, 255), (18, 15, 255), (19, 15, 255), (20, 15, 255), (21, 15, 255), (22, 15, 255), (23, 15, 255), (24, 15, 255), (25, 15, 255), (26, 15, 255), (27, 15, 255), (28, 15, 255), (29, 15, 255), (30, 15, 255), (31, 15, 255)]


Island: 52
size: 32
value: 255
[(0, 16, 255), (1, 16, 255), (2, 16, 255), (3, 16, 255), (4, 16, 255), (5, 16, 255), (6, 16, 255), (7, 16, 255), (8, 16, 255), (9, 16, 255), (10, 16, 255), (11, 16, 255), (12, 16, 255), (13, 16, 255), (14, 16, 255), (15, 16, 255), (16, 16, 255), (17, 16, 255), (18, 16, 255), (19, 16, 255), (20, 16, 255), (21, 16, 255), (22, 16, 255), (23, 16, 255), (24, 16, 255), (25, 16, 255), (26, 16, 255), (27, 16, 255), (28, 16, 255), (29, 16, 255), (30, 16, 255), (31, 16, 255)]


Island: 53
size: 32
value: 255
[(0, 17, 255), (1, 17, 255), (2, 17, 255), (3, 17, 255), (4, 17, 255), (5, 17, 255), (6, 17, 255), (7, 17, 255), (8, 17, 255), (9, 17, 255), (10, 17, 255), (11, 17, 255), (12, 17, 255), (13, 17, 255), (14, 17, 255), (15, 17, 255), (16, 17, 255), (17, 17, 255), (18, 17, 255), (19, 17, 255), (20, 17, 255), (21, 17, 255), (22, 17, 255), (23, 17, 255), (24, 17, 255), (25, 17, 255), (26, 17, 255), (27, 17, 255), (28, 17, 255), (29, 17, 255), (30, 17, 255), (31, 17, 255)]


Island: 54
size: 5
value: 255
[(0, 18, 255), (1, 18, 255), (2, 18, 255), (3, 18, 255), (4, 18, 255)]


Island: 55
size: 9
value: 95
[(5, 18, 95), (6, 18, 95), (7, 18, 95), (8, 18, 95), (9, 18, 95), (10, 18, 95), (11, 18, 95), (12, 18, 95), (13, 18, 95)]


Island: 56
size: 4
value: 255
[(14, 18, 255), (15, 18, 255), (16, 18, 255), (17, 18, 255)]


Island: 57
size: 9
value: 191
[(18, 18, 191), (19, 18, 191), (20, 18, 191), (21, 18, 191), (22, 18, 191), (23, 18, 191), (24, 18, 191), (25, 18, 191), (26, 18, 191)]


Island: 58
size: 5
value: 255
[(27, 18, 255), (28, 18, 255), (29, 18, 255), (30, 18, 255), (31, 18, 255)]


Island: 59
size: 5
value: 255
[(0, 19, 255), (1, 19, 255), (2, 19, 255), (3, 19, 255), (4, 19, 255)]


Island: 60
size: 9
value: 95
[(5, 19, 95), (6, 19, 95), (7, 19, 95), (8, 19, 95), (9, 19, 95), (10, 19, 95), (11, 19, 95), (12, 19, 95), (13, 19, 95)]


Island: 61
size: 4
value: 255
[(14, 19, 255), (15, 19, 255), (16, 19, 255), (17, 19, 255)]


Island: 62
size: 9
value: 191
[(18, 19, 191), (19, 19, 191), (20, 19, 191), (21, 19, 191), (22, 19, 191), (23, 19, 191), (24, 19, 191), (25, 19, 191), (26, 19, 191)]


Island: 63
size: 5
value: 255
[(27, 19, 255), (28, 19, 255), (29, 19, 255), (30, 19, 255), (31, 19, 255)]


Island: 64
size: 5
value: 255
[(0, 20, 255), (1, 20, 255), (2, 20, 255), (3, 20, 255), (4, 20, 255)]


Island: 65
size: 9
value: 95
[(5, 20, 95), (6, 20, 95), (7, 20, 95), (8, 20, 95), (9, 20, 95), (10, 20, 95), (11, 20, 95), (12, 20, 95), (13, 20, 95)]


Island: 66
size: 4
value: 255
[(14, 20, 255), (15, 20, 255), (16, 20, 255), (17, 20, 255)]


Island: 67
size: 9
value: 191
[(18, 20, 191), (19, 20, 191), (20, 20, 191), (21, 20, 191), (22, 20, 191), (23, 20, 191), (24, 20, 191), (25, 20, 191), (26, 20, 191)]


Island: 68
size: 5
value: 255
[(27, 20, 255), (28, 20, 255), (29, 20, 255), (30, 20, 255), (31, 20, 255)]


Island: 69
size: 5
value: 255
[(0, 21, 255), (1, 21, 255), (2, 21, 255), (3, 21, 255), (4, 21, 255)]


Island: 70
size: 9
value: 95
[(5, 21, 95), (6, 21, 95), (7, 21, 95), (8, 21, 95), (9, 21, 95), (10, 21, 95), (11, 21, 95), (12, 21, 95), (13, 21, 95)]


Island: 71
size: 4
value: 255
[(14, 21, 255), (15, 21, 255), (16, 21, 255), (17, 21, 255)]


Island: 72
size: 9
value: 191
[(18, 21, 191), (19, 21, 191), (20, 21, 191), (21, 21, 191), (22, 21, 191), (23, 21, 191), (24, 21, 191), (25, 21, 191), (26, 21, 191)]


Island: 73
size: 5
value: 255
[(27, 21, 255), (28, 21, 255), (29, 21, 255), (30, 21, 255), (31, 21, 255)]


Island: 74
size: 5
value: 255
[(0, 22, 255), (1, 22, 255), (2, 22, 255), (3, 22, 255), (4, 22, 255)]


Island: 75
size: 9
value: 95
[(5, 22, 95), (6, 22, 95), (7, 22, 95), (8, 22, 95), (9, 22, 95), (10, 22, 95), (11, 22, 95), (12, 22, 95), (13, 22, 95)]


Island: 76
size: 4
value: 255
[(14, 22, 255), (15, 22, 255), (16, 22, 255), (17, 22, 255)]


Island: 77
size: 9
value: 191
[(18, 22, 191), (19, 22, 191), (20, 22, 191), (21, 22, 191), (22, 22, 191), (23, 22, 191), (24, 22, 191), (25, 22, 191), (26, 22, 191)]


Island: 78
size: 5
value: 255
[(27, 22, 255), (28, 22, 255), (29, 22, 255), (30, 22, 255), (31, 22, 255)]


Island: 79
size: 5
value: 255
[(0, 23, 255), (1, 23, 255), (2, 23, 255), (3, 23, 255), (4, 23, 255)]


Island: 80
size: 9
value: 95
[(5, 23, 95), (6, 23, 95), (7, 23, 95), (8, 23, 95), (9, 23, 95), (10, 23, 95), (11, 23, 95), (12, 23, 95), (13, 23, 95)]


Island: 81
size: 4
value: 255
[(14, 23, 255), (15, 23, 255), (16, 23, 255), (17, 23, 255)]


Island: 82
size: 9
value: 191
[(18, 23, 191), (19, 23, 191), (20, 23, 191), (21, 23, 191), (22, 23, 191), (23, 23, 191), (24, 23, 191), (25, 23, 191), (26, 23, 191)]


Island: 83
size: 5
value: 255
[(27, 23, 255), (28, 23, 255), (29, 23, 255), (30, 23, 255), (31, 23, 255)]


Island: 84
size: 5
value: 255
[(0, 24, 255), (1, 24, 255), (2, 24, 255), (3, 24, 255), (4, 24, 255)]


Island: 85
size: 9
value: 95
[(5, 24, 95), (6, 24, 95), (7, 24, 95), (8, 24, 95), (9, 24, 95), (10, 24, 95), (11, 24, 95), (12, 24, 95), (13, 24, 95)]


Island: 86
size: 4
value: 255
[(14, 24, 255), (15, 24, 255), (16, 24, 255), (17, 24, 255)]


Island: 87
size: 9
value: 191
[(18, 24, 191), (19, 24, 191), (20, 24, 191), (21, 24, 191), (22, 24, 191), (23, 24, 191), (24, 24, 191), (25, 24, 191), (26, 24, 191)]


Island: 88
size: 5
value: 255
[(27, 24, 255), (28, 24, 255), (29, 24, 255), (30, 24, 255), (31, 24, 255)]


Island: 89
size: 5
value: 255
[(0, 25, 255), (1, 25, 255), (2, 25, 255), (3, 25, 255), (4, 25, 255)]


Island: 90
size: 9
value: 95
[(5, 25, 95), (6, 25, 95), (7, 25, 95), (8, 25, 95), (9, 25, 95), (10, 25, 95), (11, 25, 95), (12, 25, 95), (13, 25, 95)]


Island: 91
size: 4
value: 255
[(14, 25, 255), (15, 25, 255), (16, 25, 255), (17, 25, 255)]


Island: 92
size: 9
value: 191
[(18, 25, 191), (19, 25, 191), (20, 25, 191), (21, 25, 191), (22, 25, 191), (23, 25, 191), (24, 25, 191), (25, 25, 191), (26, 25, 191)]


Island: 93
size: 5
value: 255
[(27, 25, 255), (28, 25, 255), (29, 25, 255), (30, 25, 255), (31, 25, 255)]


Island: 94
size: 5
value: 255
[(0, 26, 255), (1, 26, 255), (2, 26, 255), (3, 26, 255), (4, 26, 255)]


Island: 95
size: 9
value: 95
[(5, 26, 95), (6, 26, 95), (7, 26, 95), (8, 26, 95), (9, 26, 95), (10, 26, 95), (11, 26, 95), (12, 26, 95), (13, 26, 95)]


Island: 96
size: 4
value: 255
[(14, 26, 255), (15, 26, 255), (16, 26, 255), (17, 26, 255)]


Island: 97
size: 9
value: 191
[(18, 26, 191), (19, 26, 191), (20, 26, 191), (21, 26, 191), (22, 26, 191), (23, 26, 191), (24, 26, 191), (25, 26, 191), (26, 26, 191)]


Island: 98
size: 5
value: 255
[(27, 26, 255), (28, 26, 255), (29, 26, 255), (30, 26, 255), (31, 26, 255)]


Island: 99
size: 32
value: 255
[(0, 27, 255), (1, 27, 255), (2, 27, 255), (3, 27, 255), (4, 27, 255), (5, 27, 255), (6, 27, 255), (7, 27, 255), (8, 27, 255), (9, 27, 255), (10, 27, 255), (11, 27, 255), (12, 27, 255), (13, 27, 255), (14, 27, 255), (15, 27, 255), (16, 27, 255), (17, 27, 255), (18, 27, 255), (19, 27, 255), (20, 27, 255), (21, 27, 255), (22, 27, 255), (23, 27, 255), (24, 27, 255), (25, 27, 255), (26, 27, 255), (27, 27, 255), (28, 27, 255), (29, 27, 255), (30, 27, 255), (31, 27, 255)]


Island: 100
size: 32
value: 255
[(0, 28, 255), (1, 28, 255), (2, 28, 255), (3, 28, 255), (4, 28, 255), (5, 28, 255), (6, 28, 255), (7, 28, 255), (8, 28, 255), (9, 28, 255), (10, 28, 255), (11, 28, 255), (12, 28, 255), (13, 28, 255), (14, 28, 255), (15, 28, 255), (16, 28, 255), (17, 28, 255), (18, 28, 255), (19, 28, 255), (20, 28, 255), (21, 28, 255), (22, 28, 255), (23, 28, 255), (24, 28, 255), (25, 28, 255), (26, 28, 255), (27, 28, 255), (28, 28, 255), (29, 28, 255), (30, 28, 255), (31, 28, 255)]


Island: 101
size: 32
value: 255
[(0, 29, 255), (1, 29, 255), (2, 29, 255), (3, 29, 255), (4, 29, 255), (5, 29, 255), (6, 29, 255), (7, 29, 255), (8, 29, 255), (9, 29, 255), (10, 29, 255), (11, 29, 255), (12, 29, 255), (13, 29, 255), (14, 29, 255), (15, 29, 255), (16, 29, 255), (17, 29, 255), (18, 29, 255), (19, 29, 255), (20, 29, 255), (21, 29, 255), (22, 29, 255), (23, 29, 255), (24, 29, 255), (25, 29, 255), (26, 29, 255), (27, 29, 255), (28, 29, 255), (29, 29, 255), (30, 29, 255), (31, 29, 255)]


Island: 102
size: 32
value: 255
[(0, 30, 255), (1, 30, 255), (2, 30, 255), (3, 30, 255), (4, 30, 255), (5, 30, 255), (6, 30, 255), (7, 30, 255), (8, 30, 255), (9, 30, 255), (10, 30, 255), (11, 30, 255), (12, 30, 255), (13, 30, 255), (14, 30, 255), (15, 30, 255), (16, 30, 255), (17, 30, 255), (18, 30, 255), (19, 30, 255), (20, 30, 255), (21, 30, 255), (22, 30, 255), (23, 30, 255), (24, 30, 255), (25, 30, 255), (26, 30, 255), (27, 30, 255), (28, 30, 255), (29, 30, 255), (30, 30, 255), (31, 30, 255)]


Island: 103
size: 32
value: 255
[(0, 31, 255), (1, 31, 255), (2, 31, 255), (3, 31, 255), (4, 31, 255), (5, 31, 255), (6, 31, 255), (7, 31, 255), (8, 31, 255), (9, 31, 255), (10, 31, 255), (11, 31, 255), (12, 31, 255), (13, 31, 255), (14, 31, 255), (15, 31, 255), (16, 31, 255), (17, 31, 255), (18, 31, 255), (19, 31, 255), (20, 31, 255), (21, 31, 255), (22, 31, 255), (23, 31, 255), (24, 31, 255), (25, 31, 255), (26, 31, 255), (27, 31, 255), (28, 31, 255), (29, 31, 255), (30, 31, 255), (31, 31, 255)]


