Island: 0
size: 1
value: 15
[(21, 1)]


Island: 1
size: 2
value: 191
[(14, 2), (15, 2)]


Island: 2
size: 1
value: 15
[(19, 2)]


Island: 3
size: 1
value: 191
[(7, 3)]


Island: 4
size: 6
value: 63
[(8, 3), (8, 4), (9, 3), (9, 4), (9, 5), (10, 4)]


Island: 5
size: 1
value: 15
[(10, 3)]


Island: 6
size: 1
value: 191
[(12, 3)]


Island: 7
size: 1
value: 191
[(18, 3)]


Island: 8
size: 10
value: 63
[(19, 3), (20, 2), (20, 3), (21, 2), (21, 3), (21, 4), (22, 2), (22, 3), (22, 4), (22, 5)]


Island: 9
size: 2
value: 15
[(23, 3), (23, 4)]


Island: 10
size: 1
value: 15
[(7, 4)]


Island: 11
size: 1
value: 191
[(11, 4)]


Island: 12
size: 1
value: 191
[(20, 4)]


Island: 13
size: 1
value: 63
[(7, 5)]


Island: 14
size: 1
value: 47
[(8, 5)]


Island: 15
size: 1
value: 191
[(10, 5)]


Island: 16
size: 1
value: 191
[(21, 5)]


Island: 17
size: 1
value: 15
[(7, 6)]


Island: 18
size: 1
value: 63
[(8, 6)]


Island: 19
size: 1
value: 191
[(9, 6)]


Island: 20
size: 1
value: 80
[(13, 6)]


Island: 21
size: 1
value: 191
[(14, 6)]


Island: 22
size: 1
value: 191
[(22, 6)]


Island: 23
size: 1
value: 111
[(8, 7)]


Island: 24
size: 2
value: 191
[(8, 8), (8, 9)]


Island: 25
size: 14
value: 63
[(11, 8), (11, 9), (11, 10), (11, 11), (11, 12), (12, 7), (12, 8), (12, 11), (12, 12), (13, 7), (13, 8), (13, 11), (14, 7), (14, 8)]


Island: 26
size: 1
value: 80
[(19, 8)]


Island: 27
size: 1
value: 191
[(23, 8)]


Island: 28
size: 1
value: 15
[(12, 9)]


Island: 29
size: 1
value: 255
[(13, 9)]


Island: 30
size: 1
value: 80
[(14, 9)]


Island: 31
size: 1
value: 255
[(12, 10)]


Island: 32
size: 1
value: 47
[(13, 10)]


Island: 33
size: 1
value: 63
[(14, 10)]


Island: 34
size: 2
value: 191
[(24, 10), (24, 11)]


Island: 35
size: 2
value: 191
[(7, 11), (7, 12)]


Island: 36
size: 1
value: 47
[(15, 11)]


Island: 37
size: 1
value: 63
[(16, 11)]


Island: 38
size: 18
value: 63
[(17, 6), (17, 7), (17, 8), (18, 6), (18, 7), (18, 8), (19, 6), (19, 7), (19, 9), (19, 11), (20, 7), (20, 8), (20, 9), (20, 10), (20, 11), (21, 9), (21, 10), (21, 11)]


Island: 39
size: 1
value: 191
[(17, 12)]


Island: 40
size: 1
value: 191
[(15, 13)]


Island: 41
size: 1
value: 80
[(16, 13)]


Island: 42
size: 1
value: 191
[(23, 13)]


Island: 43
size: 1
value: 191
[(8, 14)]


Island: 44
size: 1
value: 191
[(22, 14)]


Island: 45
size: 1
value: 191
[(10, 15)]


Island: 46
size: 1
value: 191
[(19, 15)]


Island: 47
size: 1
value: 15
[(21, 15)]


Island: 48
size: 1
value: 15
[(9, 16)]


Island: 49
size: 1
value: 15
[(22, 16)]


Island: 50
size: 1
value: 15
[(8, 17)]


Island: 51
size: 20
value: 63
[(9, 17), (10, 16), (10, 17), (11, 16), (11, 17), (12, 16), (12, 17), (13, 16), (14, 16), (15, 16), (16, 16), (17, 16), (18, 16), (19, 16), (20, 15), (20, 16), (20, 17), (21, 16), (21, 17), (22, 17)]


Island: 52
size: 1
value: 80
[(19, 17)]


Island: 53
size: 1
value: 15
[(23, 17)]


Island: 54
size: 1
value: 47
[(9, 18)]


Island: 55
size: 1
value: 47
[(22, 18)]


Island: 56
size: 11
value: 63
[(23, 18), (23, 19), (23, 20), (23, 21), (23, 22), (23, 23), (23, 24), (24, 20), (24, 21), (24, 22), (24, 23)]


Island: 57
size: 1
value: 15
[(7, 19)]


Island: 58
size: 122
value: 255
[(9, 19), (9, 20), (9, 21), (9, 22), (9, 23), (9, 24), (10, 18), (10, 19), (10, 20), (10, 21), (10, 22), (10, 23), (10, 24), (10, 25), (11, 18), (11, 19), (11, 20), (11, 21), (11, 22), (11, 23), (11, 24), (11, 25), (12, 18), (12, 19), (12, 20), (12, 21), (12, 22), (12, 23), (12, 24), (12, 25), (12, 26), (13, 17), (13, 18), (13, 19), (13, 20), (13, 21), (13, 22), (13, 23), (13, 24), (13, 25), (13, 26), (14, 17), (14, 18), (14, 19), (14, 20), (14, 21), (14, 22), (14, 23), (14, 24), (14, 25), (14, 26), (15, 17), (15, 18), (15, 19), (15, 20), (15, 21), (15, 22), (15, 23), (15, 24), (15, 25), (15, 26), (16, 17), (16, 18), (16, 19), (16, 20), (16, 21), (16, 22), (16, 23), (16, 24), (16, 25), (16, 26), (17, 17), (17, 18), (17, 19), (17, 20), (17, 21), (17, 22), (17, 23), (17, 24), (17, 25), (17, 26), (18, 17), (18, 18), (18, 19), (18, 20), (18, 21), (18, 22), (18, 23), (18, 24), (18, 25), (18, 26), (19, 18), (19, 19), (19, 20), (19, 21), (19, 22), (19, 23), (19, 24), (19, 25), (19, 26), (20, 18), (20, 19), (20, 20), (20, 21), (20, 22), (20, 23), (20, 24), (20, 25), (21, 18), (21, 19), (21, 20), (21, 21), (21, 22), (21, 23), (21, 24), (21, 25), (22, 19), (22, 20), (22, 21), (22, 22), (22, 23), (22, 24)]


Island: 59
size: 1
value: 15
[(24, 19)]


Island: 60
size: 9
value: 63
[(7, 20), (7, 21), (7, 22), (7, 23), (8, 18), (8, 19), (8, 20), (8, 21), (8, 23)]


Island: 61
size: 2
value: 15
[(6, 22), (6, 23)]


Island: 62
size: 1
value: 80
[(8, 22)]


Island: 63
size: 2
value: 15
[(25, 22), (25, 23)]


Island: 64
size: 1
value: 15
[(7, 24)]


Island: 65
size: 1
value: 80
[(8, 24)]


Island: 66
size: 1
value: 15
[(24, 24)]


Island: 67
size: 1
value: 15
[(9, 25)]


Island: 68
size: 1
value: 15
[(22, 25)]


Island: 69
size: 1
value: 63
[(10, 26)]


Island: 70
size: 2
value: 47
[(11, 26), (11, 27)]


Island: 71
size: 1
value: 63
[(21, 26)]


Island: 72
size: 5
value: 63
[(12, 27), (13, 27), (13, 28), (13, 29), (14, 27)]


Island: 73
size: 2
value: 15
[(15, 27), (16, 27)]


Island: 74
size: 3
value: 63
[(17, 27), (18, 27), (18, 28)]


Island: 75
size: 2
value: 47
[(12, 28), (12, 29)]


Island: 76
size: 1
value: 47
[(14, 28)]


Island: 77
size: 2
value: 15
[(17, 28), (17, 29)]


Island: 78
size: 2
value: 15
[(20, 28), (20, 29)]


Island: 79
size: 1
value: 15
[(11, 29)]


Island: 80
size: 1
value: 15
[(14, 29)]


Island: 81
size: 6
value: 47
[(18, 29), (19, 27), (19, 28), (19, 29), (20, 26), (20, 27)]


